1695679532695 0.5229179263114929 1
1695679532737 0.5287443399429321 2
1695679532777 0.5177509784698486 3
1695679532819 0.42006731033325195 4
1695679532860 0.48807573318481445 5
1695679532900 0.5689600110054016 6
1695679532940 0.2795761525630951 7
1695679532978 0.5459342002868652 8
1695679533013 0.1088196188211441 9
1695679533047 0.15641377866268158 10
1695679537586 0.3977065682411194 11
1695679537624 0.6488382816314697 12
1695679537663 0.5799131989479065 13
1695679537702 0.16377002000808716 14
1695679537740 0.32902660965919495 15
1695679537779 0.12275799363851547 16
1695679537818 0.2928653955459595 17
1695679537855 1.0318875312805176 18
1695679537891 0.12265589833259583 19
1695679537925 0.5145224332809448 20
1695679542466 0.5245203375816345 21
1695679542505 0.2256598323583603 22
1695679542544 0.39020565152168274 23
1695679542584 0.5374624133110046 24
1695679542623 0.3161027431488037 25
1695679542662 0.137968510389328 26
1695679542700 0.5248780250549316 27
1695679542739 0.523384690284729 28
1695679542774 0.7767091989517212 29
1695679542808 0.5317199230194092 30
1695679547330 0.5160056352615356 31
1695679547369 0.5211994051933289 32
1695679547409 0.2666463255882263 33
1695679547446 0.5232304334640503 34
1695679547484 0.5308170914649963 35
1695679547523 0.2122834324836731 36
1695679547566 0.5141782760620117 37
1695679547609 0.23222608864307404 38
1695679547643 1.0037312507629395 39
1695679547677 0.3237876892089844 40
1695679552241 0.5244446396827698 41
1695679552282 0.20115242898464203 42
1695679552323 0.4271736145019531 43
1695679552361 0.5134833455085754 44
1695679552403 0.7029394507408142 45
1695679552443 0.20050771534442902 46
1695679552483 0.40392014384269714 47
1695679552523 0.18587151169776917 48
1695679552557 0.1855076253414154 49
1695679552592 0.1523706316947937 50
1695679557075 0.5321182608604431 51
1695679557115 0.5455096960067749 52
1695679557154 0.1705808937549591 53
1695679557196 0.6489564180374146 54
1695679557238 0.5563079118728638 55
1695679557278 0.3348724842071533 56
1695679557319 0.5225335955619812 57
1695679557361 0.23762352764606476 58
1695679557398 0.15179753303527832 59
1695679557434 0.4493129551410675 60
1695679561922 0.6453225612640381 61
1695679561963 0.45704135298728943 62
1695679562004 0.9406999945640564 63
1695679562043 0.5198619961738586 64
1695679562083 0.18387643992900848 65
1695679562122 0.8062736392021179 66
1695679562160 0.5267304182052612 67
1695679562201 0.5187439918518066 68
1695679562238 0.08881185948848724 69
1695679562274 0.2771540880203247 70
1695679566803 0.5247358083724976 71
1695679566843 0.5153903365135193 72
1695679566884 0.5209108591079712 73
1695679566923 0.40946081280708313 74
1695679566963 0.5334815979003906 75
1695679567003 0.5197221040725708 76
1695679567041 0.5223115682601929 77
1695679567080 0.5270307660102844 78
1695679567115 0.2562156915664673 79
1695679567150 0.4074735641479492 80
1695679571580 0.23553162813186646 81
1695679571635 0.5193521976470947 82
1695679571677 0.11208300292491913 83
1695679571720 0.5180919170379639 84
1695679571765 0.6165655851364136 85
1695679571809 0.2770156264305115 86
1695679571848 0.5238303542137146 87
1695679571892 0.5200742483139038 88
1695679571928 0.30720311403274536 89
1695679571963 0.5370060801506042 90
1695679576402 0.9267324805259705 91
1695679576441 0.5205404162406921 92
1695679576481 0.5231439471244812 93
1695679576521 0.3466091454029083 94
1695679576561 0.522125244140625 95
1695679576601 0.5240496397018433 96
1695679576641 0.4127988815307617 97
1695679576682 0.5741173624992371 98
1695679576715 0.6755129098892212 99
1695679576748 0.5827122926712036 100
1695679581120 0.5358431935310364 101
1695679581161 0.4453847408294678 102
1695679581200 0.3574810028076172 103
1695679581240 0.21122761070728302 104
1695679581280 0.5203511118888855 105
1695679581320 0.5662388205528259 106
1695679581358 0.5568574666976929 107
1695679581397 0.24941346049308777 108
1695679581430 0.5818041563034058 109
1695679581464 0.5475972294807434 110
1695679585850 0.5380222797393799 111
1695679585888 0.1435907781124115 112
1695679585926 0.15494541823863983 113
1695679585965 0.5406829118728638 114
1695679586004 0.16487333178520203 115
1695679586043 0.21992647647857666 116
1695679586082 0.26864874362945557 117
1695679586121 0.11762053519487381 118
1695679586157 0.2558393180370331 119
1695679586190 0.52210932970047 120
1695679590610 0.5446654558181763 121
1695679590649 0.5188202857971191 122
1695679590688 0.5148470401763916 123
1695679590727 0.5137198567390442 124
1695679590766 0.5295379161834717 125
1695679590805 0.35127654671669006 126
1695679590844 0.18773677945137024 127
1695679590883 0.13409020006656647 128
1695679590916 0.5162655711174011 129
1695679590949 0.5681390166282654 130
1695679595487 0.5418791174888611 131
1695679595525 0.5483960509300232 132
1695679595564 0.5262832045555115 133
1695679595603 0.2774273157119751 134
1695679595641 1.0280972719192505 135
1695679595679 0.5160943269729614 136
1695679595719 0.5134819746017456 137
1695679595759 0.2688019871711731 138
1695679595794 0.08347351104021072 139
1695679595828 0.7294317483901978 140
1695679600218 0.5262555480003357 141
1695679600256 0.5159645676612854 142
1695679600294 0.5158968567848206 143
1695679600333 0.220591202378273 144
1695679600372 0.5490010976791382 145
1695679600411 0.4726879894733429 146
1695679600452 0.1318933367729187 147
1695679600492 0.5118446946144104 148
1695679600526 0.4537631571292877 149
1695679600561 0.2056422084569931 150
1695679604955 0.842674970626831 151
1695679604996 0.5140879154205322 152
1695679605034 0.28732550144195557 153
1695679605072 0.5157704949378967 154
1695679605110 0.5539049506187439 155
1695679605149 0.5269763469696045 156
1695679605188 0.516785740852356 157
1695679605225 0.5438680648803711 158
1695679605261 0.14938166737556458 159
1695679605294 0.5140907168388367 160
1695679609679 0.5555723905563354 161
1695679609719 0.3795122504234314 162
1695679609759 0.18491263687610626 163
1695679609796 0.9339447021484375 164
1695679609834 0.5447036027908325 165
1695679609873 0.5394724011421204 166
1695679609910 0.5809690952301025 167
1695679609949 0.5294170379638672 168
1695679609983 0.28134873509407043 169
1695679610017 0.5153950452804565 170
1695679614512 0.1452954113483429 171
1695679614553 0.24724797904491425 172
1695679614592 0.5356091260910034 173
1695679614632 0.250615656375885 174
1695679614671 0.13517217338085175 175
1695679614712 0.2735358476638794 176
1695679614751 0.18154650926589966 177
1695679614792 0.15989579260349274 178
1695679614827 0.5178108811378479 179
1695679614861 0.5206969380378723 180
1695679619382 0.5171442031860352 181
1695679619422 0.5532687902450562 182
1695679619460 0.2904067039489746 183
1695679619498 0.5939888954162598 184
1695679619535 0.5819147229194641 185
1695679619576 0.3114304542541504 186
1695679619623 0.4591190218925476 187
1695679619662 0.5682389140129089 188
1695679619696 0.5431800484657288 189
1695679619732 0.5152856111526489 190
1695679624259 0.5233479142189026 191
1695679624298 0.5246114730834961 192
1695679624336 0.517475426197052 193
1695679624376 0.09851010143756866 194
1695679624416 0.502017617225647 195
1695679624455 3.2084708213806152 196
1695679624493 0.5152745842933655 197
1695679624531 0.5294497013092041 198
1695679624565 0.5126078724861145 199
1695679624599 0.6033831834793091 200
1695679629082 0.5160287022590637 201
1695679629123 0.468016654253006 202
1695679629164 0.2145317941904068 203
1695679629203 0.3599613308906555 204
1695679629244 0.40865153074264526 205
1695679629283 0.541530966758728 206
1695679629323 0.15361830592155457 207
1695679629361 0.5163968205451965 208
1695679629396 0.4641744792461395 209
1695679629429 0.3883911371231079 210
1695679633849 0.5165183544158936 211
1695679633889 0.16281425952911377 212
1695679633956 0.33737125992774963 213
1695679634003 0.11653009057044983 214
1695679634047 0.3060498833656311 215
1695679634086 0.5211730003356934 216
1695679634127 0.52790766954422 217
1695679634166 1.3539737462997437 218
1695679634201 0.5219825506210327 219
1695679634236 0.5232811570167542 220
1695679638664 0.5144360065460205 221
1695679638702 0.5277861952781677 222
1695679638741 0.4966885447502136 223
1695679638779 0.5149862170219421 224
1695679638818 0.3363701105117798 225
1695679638856 0.5597406029701233 226
1695679638894 0.520118236541748 227
1695679638934 0.5154023766517639 228
1695679638968 0.533025860786438 229
1695679639004 0.34599387645721436 230
1695679643456 0.5386579632759094 231
1695679643497 0.2592107653617859 232
1695679643537 0.5773001313209534 233
1695679643576 0.582661509513855 234
1695679643617 0.5220468640327454 235
1695679643657 0.516017496585846 236
1695679643697 0.5154099464416504 237
1695679643738 0.5274612903594971 238
1695679643775 0.11215908825397491 239
1695679643810 0.5824708938598633 240
1695679648251 0.3072958290576935 241
1695679648297 0.5316089391708374 242
1695679648342 0.1080571636557579 243
1695679648386 0.3305928111076355 244
1695679648430 0.31486690044403076 245
1695679648473 0.5304524302482605 246
1695679648513 0.5213671922683716 247
1695679648555 0.4501933157444 248
1695679648590 0.5144965052604675 249
1695679648626 0.526414155960083 250
1695679653084 0.4924010634422302 251
1695679653126 0.5160478949546814 252
1695679653167 0.21979491412639618 253
1695679653208 0.565231442451477 254
1695679653248 0.5134487748146057 255
1695679653288 0.5234602689743042 256
1695679653329 0.5381982326507568 257
1695679653369 0.5142240524291992 258
1695679653405 0.3018842935562134 259
1695679653439 0.5116891860961914 260
1695679657870 0.5489268898963928 261
1695679657911 0.5157497525215149 262
1695679657951 0.6464085578918457 263
1695679657990 0.6867238283157349 264
1695679658029 0.38816794753074646 265
1695679658069 2.0460143089294434 266
1695679658109 0.6438835859298706 267
1695679658150 0.12205366790294647 268
1695679658185 0.5370422601699829 269
1695679658220 0.6718152761459351 270
1695679662639 0.5720829963684082 271
1695679662678 0.578155517578125 272
1695679662717 0.5225289463996887 273
1695679662757 0.36968740820884705 274
1695679662795 0.6724861264228821 275
1695679662834 0.5945582985877991 276
1695679662873 0.6611679196357727 277
1695679662912 0.3541833460330963 278
1695679662946 0.5855464339256287 279
1695679662980 0.44825682044029236 280
1695679667409 0.5842214226722717 281
1695679667449 0.1324879676103592 282
1695679667487 0.9311933517456055 283
1695679667525 0.5248868465423584 284
1695679667564 0.5216308236122131 285
1695679667602 0.4472912847995758 286
1695679667641 0.28346872329711914 287
1695679667681 0.5149384140968323 288
1695679667715 0.577429473400116 289
1695679667750 0.5163942575454712 290
1695679672202 0.3515607714653015 291
1695679672242 0.5213930606842041 292
1695679672281 1.4103882312774658 293
1695679672320 0.5209525227546692 294
1695679672360 0.3598890006542206 295
1695679672400 0.35857558250427246 296
1695679672441 0.23456183075904846 297
1695679672479 0.6633917093276978 298
1695679672513 0.5184746384620667 299
1695679672546 0.5246116518974304 300
1695679676978 0.5343301892280579 301
1695679677018 0.2823343276977539 302
1695679677057 0.33283543586730957 303
1695679677097 0.47503364086151123 304
1695679677136 0.52210533618927 305
1695679677175 0.2087012529373169 306
1695679677214 0.3011111319065094 307
1695679677253 0.3425399661064148 308
1695679677287 0.5036983489990234 309
1695679677321 0.5181408524513245 310
1695679681835 0.5434132814407349 311
1695679681876 0.18376144766807556 312
1695679681916 0.41469407081604004 313
1695679681956 0.5137808322906494 314
1695679681997 0.5189899206161499 315
1695679682038 0.514867901802063 316
1695679682079 0.391264408826828 317
1695679682120 0.5127659440040588 318
1695679682155 0.5146036744117737 319
1695679682189 0.6128462553024292 320
1695679686647 0.530412495136261 321
1695679686687 1.8483805656433105 322
1695679686729 0.5276147723197937 323
1695679686768 0.19620035588741302 324
1695679686808 0.26639044284820557 325
1695679686848 0.5228229761123657 326
1695679686887 0.5826074481010437 327
1695679686927 0.5385175943374634 328
1695679686961 0.5301077961921692 329
1695679686995 0.5237376093864441 330
1695679691423 0.44469237327575684 331
1695679691464 1.0913035869598389 332
1695679691504 0.2892336845397949 333
1695679691544 0.38984251022338867 334
1695679691584 0.13409888744354248 335
1695679691623 0.36697229743003845 336
1695679691664 0.8868653774261475 337
1695679691703 0.6098812818527222 338
1695679691738 0.5320690274238586 339
1695679691773 0.6070001125335693 340
1695679696203 0.3333243727684021 341
1695679696242 0.5458990335464478 342
1695679696281 0.5237199068069458 343
1695679696319 0.5347325205802917 344
1695679696359 0.338798850774765 345
1695679696398 0.5466828942298889 346
1695679696438 0.23088888823986053 347
1695679696476 0.5614234805107117 348
1695679696510 0.5569078326225281 349
1695679696544 0.24741731584072113 350
1695679700988 0.40804821252822876 351
1695679701031 0.513323962688446 352
1695679701074 0.4475671052932739 353
1695679701112 0.5166047215461731 354
1695679701151 0.5688565373420715 355
1695679701190 2.856545925140381 356
1695679701229 0.304395854473114 357
1695679701268 0.5216004848480225 358
1695679701303 0.5271662473678589 359
1695679701336 0.5239026546478271 360
1695679705802 0.3692680299282074 361
1695679705842 0.32248416543006897 362
1695679705882 0.5308979749679565 363
1695679705921 0.7613743543624878 364
1695679705960 0.5848358869552612 365
1695679705999 0.538853108882904 366
1695679706039 0.5139815807342529 367
1695679706077 0.7114730477333069 368
1695679706111 0.5213548541069031 369
1695679706146 0.49263396859169006 370
1695679710583 0.5487010478973389 371
1695679710624 0.5844219326972961 372
1695679710665 0.4889003336429596 373
1695679710705 0.5354999899864197 374
1695679710744 0.36966341733932495 375
1695679710784 0.41647154092788696 376
1695679710822 0.5463948845863342 377
1695679710862 0.4768741726875305 378
1695679710897 0.5149254202842712 379
1695679710932 0.21084538102149963 380
1695679715383 0.943623423576355 381
1695679715423 0.5062124729156494 382
1695679715466 0.6732020378112793 383
1695679715504 0.5460149049758911 384
1695679715543 0.534970223903656 385
1695679715582 0.5325710773468018 386
1695679715627 0.21116366982460022 387
1695679715668 0.2571110427379608 388
1695679715706 0.5114231109619141 389
1695679715742 0.549401581287384 390
1695679720224 0.13959211111068726 391
1695679720264 0.5516339540481567 392
1695679720304 0.6301471590995789 393
1695679720343 0.5323890447616577 394
1695679720383 0.5677523016929626 395
1695679720422 0.47331130504608154 396
1695679720462 0.527834415435791 397
1695679720501 0.5158259868621826 398
1695679720537 0.48573222756385803 399
1695679720572 0.5151580572128296 400
1695679725058 0.5279468297958374 401
1695679725098 0.11856795102357864 402
1695679725135 0.5213698148727417 403
1695679725174 0.24848507344722748 404
1695679725211 0.5513613224029541 405
1695679725250 0.5272380113601685 406
1695679725288 0.6815651655197144 407
1695679725327 0.5226819515228271 408
1695679725360 0.5647315979003906 409
1695679725395 0.5306649804115295 410
1695679729832 0.5355818867683411 411
1695679729872 0.5316352248191833 412
1695679729911 0.25741124153137207 413
1695679729949 0.5369265675544739 414
1695679729987 0.5164852142333984 415
1695679730027 0.2573716342449188 416
1695679730065 0.517390787601471 417
1695679730103 0.5118534564971924 418
1695679730138 0.5240848660469055 419
1695679730173 0.35234254598617554 420
1695679734612 0.49882495403289795 421
1695679734650 0.5191176533699036 422
1695679734689 0.5178998708724976 423
1695679734728 0.5183061361312866 424
1695679734767 0.24955782294273376 425
1695679734806 0.5472173094749451 426
1695679734843 0.5136846899986267 427
1695679734882 0.3252674341201782 428
1695679734918 0.42341434955596924 429
1695679734953 0.4839414656162262 430
1695679739410 0.5177130699157715 431
1695679739449 0.5161935091018677 432
1695679739490 0.8401392102241516 433
1695679739529 0.27534210681915283 434
1695679739567 0.5195885300636292 435
1695679739606 0.27251386642456055 436
1695679739644 0.5584582090377808 437
1695679739683 0.5205205678939819 438
1695679739718 0.37559229135513306 439
1695679739752 0.5626198649406433 440
1695679744362 0.5290555953979492 441
1695679744402 0.5405896902084351 442
1695679744442 0.3785310387611389 443
1695679744480 0.588597297668457 444
1695679744521 0.26597481966018677 445
1695679744562 0.5045274496078491 446
1695679744601 0.5194838643074036 447
1695679744639 0.5676149725914001 448
1695679744673 0.5589665770530701 449
1695679744708 0.11601179838180542 450
1695679749161 0.3278939723968506 451
1695679749199 0.5357924699783325 452
1695679749239 0.5140273571014404 453
1695679749278 0.5172256827354431 454
1695679749318 0.2903962731361389 455
1695679749357 0.1308041214942932 456
1695679749395 0.5297265648841858 457
1695679749434 0.5587480664253235 458
1695679749467 0.6581175327301025 459
1695679749501 0.2733914256095886 460
1695679753925 0.5403430461883545 461
1695679753967 0.5403896570205688 462
1695679754008 0.3687177896499634 463
1695679754049 0.13222315907478333 464
1695679754090 0.09258770942687988 465
1695679754129 0.3354143500328064 466
1695679754167 0.5127812027931213 467
1695679754204 0.5233010649681091 468
1695679754238 0.5116215348243713 469
1695679754272 0.5153897404670715 470
1695679758717 0.18214449286460876 471
1695679758761 0.38743677735328674 472
1695679758810 0.5135951042175293 473
1695679758850 0.512855589389801 474
1695679758889 0.20866486430168152 475
1695679758928 0.5334561467170715 476
1695679758966 0.5153070092201233 477
1695679759005 0.5179438591003418 478
1695679759039 0.1220410093665123 479
1695679759073 0.5142177939414978 480
1695679763521 0.5921798944473267 481
1695679763560 0.5132011771202087 482
1695679763600 0.18242734670639038 483
1695679763641 0.5191093683242798 484
1695679763682 0.5130634307861328 485
1695679763726 0.36559438705444336 486
1695679763773 0.5175835490226746 487
1695679763819 0.5125004053115845 488
1695679763857 0.5127921104431152 489
1695679763895 0.06983746588230133 490
1695679768469 0.5190204977989197 491
1695679768509 0.18831615149974823 492
1695679768547 0.5117418766021729 493
1695679768586 0.30594581365585327 494
1695679768624 0.5139519572257996 495
1695679768663 0.5157811641693115 496
1695679768702 0.5224743485450745 497
1695679768743 0.5669235587120056 498
1695679768779 0.34575754404067993 499
1695679768815 0.4481717348098755 500
