1695679532697 0.0001 1
1695679532738 0.0001 2
1695679532778 0.0001 3
1695679532820 0.0001 4
1695679532861 0.0001 5
1695679532901 0.0001 6
1695679532941 0.0001 7
1695679532980 0.0001 8
1695679533014 0.0001 9
1695679533048 0.0001 10
1695679537587 0.0001 11
1695679537625 0.0001 12
1695679537664 0.0001 13
1695679537703 0.0001 14
1695679537741 0.0001 15
1695679537780 0.0001 16
1695679537819 0.0001 17
1695679537857 0.0001 18
1695679537892 0.0001 19
1695679537927 0.0001 20
1695679542467 0.0001 21
1695679542506 0.0001 22
1695679542546 0.0001 23
1695679542586 0.0001 24
1695679542625 0.0001 25
1695679542663 0.0001 26
1695679542701 0.0001 27
1695679542740 0.0001 28
1695679542775 0.0001 29
1695679542809 0.0001 30
1695679547331 0.0001 31
1695679547370 0.0001 32
1695679547410 0.0001 33
1695679547447 0.0001 34
1695679547485 0.0001 35
1695679547524 0.0001 36
1695679547567 0.0001 37
1695679547610 0.0001 38
1695679547644 0.0001 39
1695679547678 0.0001 40
1695679552243 0.0001 41
1695679552283 0.0001 42
1695679552324 0.0001 43
1695679552363 0.0001 44
1695679552405 0.0001 45
1695679552444 0.0001 46
1695679552484 0.0001 47
1695679552524 0.0001 48
1695679552559 0.0001 49
1695679552593 0.0001 50
1695679557076 0.0001 51
1695679557116 0.0001 52
1695679557156 0.0001 53
1695679557197 0.0001 54
1695679557239 0.0001 55
1695679557280 0.0001 56
1695679557321 0.0001 57
1695679557363 0.0001 58
1695679557399 0.0001 59
1695679557435 0.0001 60
1695679561924 0.0001 61
1695679561964 0.0001 62
1695679562005 0.0001 63
1695679562045 0.0001 64
1695679562084 0.0001 65
1695679562123 0.0001 66
1695679562162 0.0001 67
1695679562202 0.0001 68
1695679562240 0.0001 69
1695679562275 0.0001 70
1695679566804 0.0001 71
1695679566844 0.0001 72
1695679566885 0.0001 73
1695679566925 0.0001 74
1695679566965 0.0001 75
1695679567004 0.0001 76
1695679567043 0.0001 77
1695679567082 0.0001 78
1695679567116 0.0001 79
1695679567151 0.0001 80
1695679571582 0.0001 81
1695679571637 0.0001 82
1695679571678 0.0001 83
1695679571722 0.0001 84
1695679571766 0.0001 85
1695679571810 0.0001 86
1695679571849 0.0001 87
1695679571893 0.0001 88
1695679571930 0.0001 89
1695679571964 0.0001 90
1695679576404 0.0001 91
1695679576442 0.0001 92
1695679576483 0.0001 93
1695679576523 0.0001 94
1695679576563 0.0001 95
1695679576603 0.0001 96
1695679576642 0.0001 97
1695679576683 0.0001 98
1695679576716 0.0001 99
1695679576749 0.0001 100
1695679581122 0.0001 101
1695679581162 0.0001 102
1695679581202 0.0001 103
1695679581242 0.0001 104
1695679581281 0.0001 105
1695679581321 0.0001 106
1695679581359 0.0001 107
1695679581398 0.0001 108
1695679581431 0.0001 109
1695679581465 0.0001 110
1695679585851 0.0001 111
1695679585889 0.0001 112
1695679585928 0.0001 113
1695679585967 0.0001 114
1695679586005 0.0001 115
1695679586045 0.0001 116
1695679586084 0.0001 117
1695679586122 0.0001 118
1695679586158 0.0001 119
1695679586191 0.0001 120
1695679590612 0.0001 121
1695679590651 0.0001 122
1695679590690 0.0001 123
1695679590729 0.0001 124
1695679590768 0.0001 125
1695679590806 0.0001 126
1695679590845 0.0001 127
1695679590884 0.0001 128
1695679590918 0.0001 129
1695679590951 0.0001 130
1695679595488 0.0001 131
1695679595527 0.0001 132
1695679595565 0.0001 133
1695679595604 0.0001 134
1695679595642 0.0001 135
1695679595681 0.0001 136
1695679595720 0.0001 137
1695679595760 0.0001 138
1695679595795 0.0001 139
1695679595830 0.0001 140
1695679600219 0.0001 141
1695679600257 0.0001 142
1695679600295 0.0001 143
1695679600334 0.0001 144
1695679600373 0.0001 145
1695679600413 0.0001 146
1695679600453 0.0001 147
1695679600493 0.0001 148
1695679600528 0.0001 149
1695679600562 0.0001 150
1695679604957 0.0001 151
1695679604997 0.0001 152
1695679605035 0.0001 153
1695679605073 0.0001 154
1695679605112 0.0001 155
1695679605151 0.0001 156
1695679605189 0.0001 157
1695679605227 0.0001 158
1695679605262 0.0001 159
1695679605296 0.0001 160
1695679609681 0.0001 161
1695679609720 0.0001 162
1695679609760 0.0001 163
1695679609797 0.0001 164
1695679609836 0.0001 165
1695679609874 0.0001 166
1695679609911 0.0001 167
1695679609950 0.0001 168
1695679609984 0.0001 169
1695679610018 0.0001 170
1695679614514 0.0001 171
1695679614555 0.0001 172
1695679614594 0.0001 173
1695679614634 0.0001 174
1695679614673 0.0001 175
1695679614713 0.0001 176
1695679614753 0.0001 177
1695679614793 0.0001 178
1695679614828 0.0001 179
1695679614863 0.0001 180
1695679619384 0.0001 181
1695679619423 0.0001 182
1695679619462 0.0001 183
1695679619499 0.0001 184
1695679619536 0.0001 185
1695679619577 0.0001 186
1695679619624 0.0001 187
1695679619663 0.0001 188
1695679619698 0.0001 189
1695679619733 0.0001 190
1695679624261 0.0001 191
1695679624299 0.0001 192
1695679624338 0.0001 193
1695679624378 0.0001 194
1695679624417 0.0001 195
1695679624456 0.0001 196
1695679624494 0.0001 197
1695679624532 0.0001 198
1695679624566 0.0001 199
1695679624600 0.0001 200
1695679629084 0.0001 201
1695679629125 0.0001 202
1695679629165 0.0001 203
1695679629204 0.0001 204
1695679629245 0.0001 205
1695679629285 0.0001 206
1695679629324 0.0001 207
1695679629363 0.0001 208
1695679629397 0.0001 209
1695679629430 0.0001 210
1695679633851 0.0001 211
1695679633890 0.0001 212
1695679633958 0.0001 213
1695679634005 0.0001 214
1695679634048 0.0001 215
1695679634087 0.0001 216
1695679634128 0.0001 217
1695679634168 0.0001 218
1695679634202 0.0001 219
1695679634237 0.0001 220
1695679638665 0.0001 221
1695679638704 0.0001 222
1695679638742 0.0001 223
1695679638781 0.0001 224
1695679638820 0.0001 225
1695679638857 0.0001 226
1695679638895 0.0001 227
1695679638936 0.0001 228
1695679638970 0.0001 229
1695679639005 0.0001 230
1695679643458 0.0001 231
1695679643499 0.0001 232
1695679643538 0.0001 233
1695679643578 0.0001 234
1695679643618 0.0001 235
1695679643658 0.0001 236
1695679643699 0.0001 237
1695679643740 0.0001 238
1695679643776 0.0001 239
1695679643812 0.0001 240
1695679648253 0.0001 241
1695679648298 0.0001 242
1695679648343 0.0001 243
1695679648388 0.0001 244
1695679648431 0.0001 245
1695679648475 0.0001 246
1695679648515 0.0001 247
1695679648556 0.0001 248
1695679648591 0.0001 249
1695679648627 0.0001 250
1695679653086 0.0001 251
1695679653127 0.0001 252
1695679653168 0.0001 253
1695679653210 0.0001 254
1695679653249 0.0001 255
1695679653289 0.0001 256
1695679653330 0.0001 257
1695679653370 0.0001 258
1695679653406 0.0001 259
1695679653441 0.0001 260
1695679657872 0.0001 261
1695679657912 0.0001 262
1695679657952 0.0001 263
1695679657992 0.0001 264
1695679658031 0.0001 265
1695679658071 0.0001 266
1695679658111 0.0001 267
1695679658151 0.0001 268
1695679658186 0.0001 269
1695679658221 0.0001 270
1695679662641 0.0001 271
1695679662679 0.0001 272
1695679662718 0.0001 273
1695679662758 0.0001 274
1695679662797 0.0001 275
1695679662836 0.0001 276
1695679662875 0.0001 277
1695679662914 0.0001 278
1695679662947 0.0001 279
1695679662982 0.0001 280
1695679667410 0.0001 281
1695679667450 0.0001 282
1695679667488 0.0001 283
1695679667527 0.0001 284
1695679667565 0.0001 285
1695679667603 0.0001 286
1695679667643 0.0001 287
1695679667682 0.0001 288
1695679667717 0.0001 289
1695679667751 0.0001 290
1695679672204 0.0001 291
1695679672243 0.0001 292
1695679672283 0.0001 293
1695679672322 0.0001 294
1695679672362 0.0001 295
1695679672402 0.0001 296
1695679672442 0.0001 297
1695679672481 0.0001 298
1695679672515 0.0001 299
1695679672548 0.0001 300
1695679676979 0.0001 301
1695679677019 0.0001 302
1695679677059 0.0001 303
1695679677099 0.0001 304
1695679677138 0.0001 305
1695679677177 0.0001 306
1695679677216 0.0001 307
1695679677254 0.0001 308
1695679677289 0.0001 309
1695679677323 0.0001 310
1695679681836 0.0001 311
1695679681877 0.0001 312
1695679681918 0.0001 313
1695679681957 0.0001 314
1695679681999 0.0001 315
1695679682040 0.0001 316
1695679682080 0.0001 317
1695679682122 0.0001 318
1695679682156 0.0001 319
1695679682190 0.0001 320
1695679686649 0.0001 321
1695679686689 0.0001 322
1695679686730 0.0001 323
1695679686769 0.0001 324
1695679686810 0.0001 325
1695679686850 0.0001 326
1695679686889 0.0001 327
1695679686928 0.0001 328
1695679686962 0.0001 329
1695679686997 0.0001 330
1695679691425 0.0001 331
1695679691466 0.0001 332
1695679691506 0.0001 333
1695679691545 0.0001 334
1695679691585 0.0001 335
1695679691624 0.0001 336
1695679691666 0.0001 337
1695679691705 0.0001 338
1695679691740 0.0001 339
1695679691774 0.0001 340
1695679696204 0.0001 341
1695679696243 0.0001 342
1695679696282 0.0001 343
1695679696321 0.0001 344
1695679696361 0.0001 345
1695679696400 0.0001 346
1695679696439 0.0001 347
1695679696478 0.0001 348
1695679696512 0.0001 349
1695679696545 0.0001 350
1695679700989 0.0001 351
1695679701032 0.0001 352
1695679701075 0.0001 353
1695679701114 0.0001 354
1695679701152 0.0001 355
1695679701191 0.0001 356
1695679701231 0.0001 357
1695679701270 0.0001 358
1695679701304 0.0001 359
1695679701338 0.0001 360
1695679705803 0.0001 361
1695679705843 0.0001 362
1695679705883 0.0001 363
1695679705923 0.0001 364
1695679705961 0.0001 365
1695679706001 0.0001 366
1695679706040 0.0001 367
1695679706078 0.0001 368
1695679706112 0.0001 369
1695679706147 0.0001 370
1695679710585 0.0001 371
1695679710625 0.0001 372
1695679710666 0.0001 373
1695679710706 0.0001 374
1695679710746 0.0001 375
1695679710785 0.0001 376
1695679710824 0.0001 377
1695679710863 0.0001 378
1695679710899 0.0001 379
1695679710933 0.0001 380
1695679715384 0.0001 381
1695679715424 0.0001 382
1695679715467 0.0001 383
1695679715506 0.0001 384
1695679715544 0.0001 385
1695679715583 0.0001 386
1695679715629 0.0001 387
1695679715670 0.0001 388
1695679715707 0.0001 389
1695679715743 0.0001 390
1695679720225 0.0001 391
1695679720265 0.0001 392
1695679720305 0.0001 393
1695679720344 0.0001 394
1695679720384 0.0001 395
1695679720423 0.0001 396
1695679720463 0.0001 397
1695679720502 0.0001 398
1695679720538 0.0001 399
1695679720573 0.0001 400
1695679725060 0.0001 401
1695679725099 0.0001 402
1695679725137 0.0001 403
1695679725175 0.0001 404
1695679725213 0.0001 405
1695679725251 0.0001 406
1695679725290 0.0001 407
1695679725328 0.0001 408
1695679725362 0.0001 409
1695679725396 0.0001 410
1695679729834 0.0001 411
1695679729873 0.0001 412
1695679729912 0.0001 413
1695679729951 0.0001 414
1695679729989 0.0001 415
1695679730028 0.0001 416
1695679730066 0.0001 417
1695679730105 0.0001 418
1695679730139 0.0001 419
1695679730174 0.0001 420
1695679734613 0.0001 421
1695679734652 0.0001 422
1695679734691 0.0001 423
1695679734729 0.0001 424
1695679734769 0.0001 425
1695679734807 0.0001 426
1695679734845 0.0001 427
1695679734884 0.0001 428
1695679734919 0.0001 429
1695679734954 0.0001 430
1695679739411 0.0001 431
1695679739451 0.0001 432
1695679739491 0.0001 433
1695679739530 0.0001 434
1695679739568 0.0001 435
1695679739607 0.0001 436
1695679739645 0.0001 437
1695679739685 0.0001 438
1695679739719 0.0001 439
1695679739753 0.0001 440
1695679744364 0.0001 441
1695679744403 0.0001 442
1695679744443 0.0001 443
1695679744482 0.0001 444
1695679744522 0.0001 445
1695679744563 0.0001 446
1695679744602 0.0001 447
1695679744641 0.0001 448
1695679744675 0.0001 449
1695679744709 0.0001 450
1695679749162 0.0001 451
1695679749201 0.0001 452
1695679749240 0.0001 453
1695679749279 0.0001 454
1695679749319 0.0001 455
1695679749358 0.0001 456
1695679749397 0.0001 457
1695679749435 0.0001 458
1695679749468 0.0001 459
1695679749503 0.0001 460
1695679753927 0.0001 461
1695679753969 0.0001 462
1695679754010 0.0001 463
1695679754051 0.0001 464
1695679754091 0.0001 465
1695679754130 0.0001 466
1695679754168 0.0001 467
1695679754206 0.0001 468
1695679754239 0.0001 469
1695679754273 0.0001 470
1695679758718 0.0001 471
1695679758763 0.0001 472
1695679758811 0.0001 473
1695679758851 0.0001 474
1695679758890 0.0001 475
1695679758929 0.0001 476
1695679758968 0.0001 477
1695679759006 0.0001 478
1695679759041 0.0001 479
1695679759074 0.0001 480
1695679763522 0.0001 481
1695679763561 0.0001 482
1695679763602 0.0001 483
1695679763643 0.0001 484
1695679763684 0.0001 485
1695679763727 0.0001 486
1695679763775 0.0001 487
1695679763821 0.0001 488
1695679763859 0.0001 489
1695679763896 0.0001 490
1695679768470 0.0001 491
1695679768510 0.0001 492
1695679768548 0.0001 493
1695679768587 0.0001 494
1695679768626 0.0001 495
1695679768664 0.0001 496
1695679768704 0.0001 497
1695679768745 0.0001 498
1695679768781 0.0001 499
1695679768816 0.0001 500
