1695679533051 0.7371616363525391 1
1695679537929 0.7541900277137756 2
1695679542811 0.5850205421447754 3
1695679547680 0.4826125502586365 4
1695679552596 0.6586951017379761 5
1695679557437 0.6066392660140991 6
1695679562278 0.5034728646278381 7
1695679567153 0.2074560970067978 8
1695679571966 0.6916192173957825 9
1695679576751 0.35738760232925415 10
1695679581468 0.5927236676216125 11
1695679586193 0.8130019903182983 12
1695679590953 0.5426360964775085 13
1695679595832 0.5209759473800659 14
1695679600564 0.43800511956214905 15
1695679605298 0.4211829602718353 16
1695679610020 0.452650785446167 17
1695679614865 0.628933846950531 18
1695679619735 0.37199559807777405 19
1695679624602 0.4710386395454407 20
1695679629433 0.4629896581172943 21
1695679634240 0.7025761604309082 22
1695679639008 0.41357314586639404 23
1695679643815 0.7240065932273865 24
1695679648629 0.4018058776855469 25
1695679653443 0.274758517742157 26
1695679658223 0.37472549080848694 27
1695679662984 0.4764264225959778 28
1695679667753 0.651641309261322 29
1695679672550 0.4958230257034302 30
1695679677325 0.49385738372802734 31
1695679682193 0.5448452830314636 32
1695679686999 0.4079076945781708 33
1695679691778 0.5796846747398376 34
1695679696548 0.52529376745224 35
1695679701340 0.5172430872917175 36
1695679706150 0.37522849440574646 37
1695679710936 0.26697659492492676 38
1695679715746 0.3054029941558838 39
1695679720576 0.24020080268383026 40
1695679725399 0.727728545665741 41
1695679730176 0.5826720595359802 42
1695679734956 0.4011211395263672 43
1695679739755 0.45529475808143616 44
1695679744712 0.5204277038574219 45
1695679749505 0.7686870098114014 46
1695679754276 0.5449001789093018 47
1695679759077 0.5870739221572876 48
1695679763899 0.6576152443885803 49
1695679768819 0.3739300072193146 50
