1695681591153 0.5106236934661865 1
1695681591193 0.5123484134674072 2
1695681591233 0.5208221673965454 3
1695681591273 0.5068031549453735 4
1695681591315 0.5093255043029785 5
1695681591356 0.17283913493156433 6
1695681591396 0.5071998834609985 7
1695681591435 0.5074596405029297 8
1695681591473 0.33255043625831604 9
1695681591513 0.5102713704109192 10
1695681591550 0.31036317348480225 11
1695681591587 0.5090171098709106 12
1695681596377 0.3285810649394989 13
1695681596417 0.5079704523086548 14
1695681596457 0.3457886576652527 15
1695681596496 0.7877873182296753 16
1695681596536 0.1694645881652832 17
1695681596576 0.3324543237686157 18
1695681596616 0.2694278657436371 19
1695681596657 0.5147151947021484 20
1695681596696 0.27289819717407227 21
1695681596734 0.5140168070793152 22
1695681596768 0.5179067850112915 23
1695681596802 0.2450266033411026 24
1695681601504 0.5115229487419128 25
1695681601545 0.516847550868988 26
1695681601585 0.5292811393737793 27
1695681601626 0.5274143815040588 28
1695681601665 0.5229548811912537 29
1695681601705 0.5439248085021973 30
1695681601746 0.5341359376907349 31
1695681601788 0.15114019811153412 32
1695681601828 0.545693576335907 33
1695681601868 0.5120339393615723 34
1695681601903 0.5108405947685242 35
1695681601938 0.15434521436691284 36
1695681606578 0.12297402322292328 37
1695681606621 0.5168976783752441 38
1695681606662 0.43642452359199524 39
1695681606703 0.2413037270307541 40
1695681606745 0.510321319103241 41
1695681606787 0.5093284845352173 42
1695681606826 1.5781046152114868 43
1695681606868 0.1388985961675644 44
1695681606908 0.5102589726448059 45
1695681606948 0.5100337266921997 46
1695681606984 0.1353643238544464 47
1695681607020 1.079586386680603 48
1695681611647 0.2917966842651367 49
1695681611688 0.512356162071228 50
1695681611728 0.2620163857936859 51
1695681611768 0.5176404118537903 52
1695681611811 0.5109025835990906 53
1695681611854 0.5142360329627991 54
1695681611897 0.5186747312545776 55
1695681611938 0.15632949769496918 56
1695681611979 0.7957080602645874 57
1695681612022 0.5499591827392578 58
1695681612057 0.5511306524276733 59
1695681612092 0.3243533968925476 60
1695681616631 0.4491221308708191 61
1695681616671 0.5137243866920471 62
1695681616711 0.15897396206855774 63
1695681616751 0.19331108033657074 64
1695681616790 0.21205231547355652 65
1695681616829 0.5215855240821838 66
1695681616869 0.1872902661561966 67
1695681616908 0.5123171806335449 68
1695681616947 0.6192302107810974 69
1695681616987 0.207197368144989 70
1695681617021 0.5040567517280579 71
1695681617055 0.24223631620407104 72
1695681621527 0.567864179611206 73
1695681621566 0.516225278377533 74
1695681621606 0.5119468569755554 75
1695681621645 0.5153203010559082 76
1695681621684 0.29175710678100586 77
1695681621724 0.1287810206413269 78
1695681621763 0.4463595151901245 79
1695681621801 0.5087877511978149 80
1695681621840 0.5475941300392151 81
1695681621880 0.4424918293952942 82
1695681621914 0.5242576599121094 83
1695681621950 0.27962440252304077 84
1695681626423 0.5219185948371887 85
1695681626463 0.515890896320343 86
1695681626504 0.22785262763500214 87
1695681626544 0.517503559589386 88
1695681626590 0.17513614892959595 89
1695681626630 0.5298197269439697 90
1695681626669 0.5085489153862 91
1695681626709 0.5167141556739807 92
1695681626748 0.23884324729442596 93
1695681626787 0.5367439985275269 94
1695681626822 0.4790850877761841 95
1695681626856 0.7733869552612305 96
1695681631318 0.3716804087162018 97
1695681631360 0.18691664934158325 98
1695681631400 0.541342556476593 99
1695681631442 0.17465174198150635 100
1695681631483 0.527357816696167 101
1695681631524 0.2209496945142746 102
1695681631564 0.5147209763526917 103
1695681631605 0.4010046124458313 104
1695681631645 0.21238115429878235 105
1695681631685 0.5395829081535339 106
1695681631720 0.5582653880119324 107
1695681631755 0.16546130180358887 108
1695681636240 0.7652647495269775 109
1695681636282 0.5297159552574158 110
1695681636329 1.321362018585205 111
1695681636373 0.517135500907898 112
1695681636415 0.3104766607284546 113
1695681636454 0.20950990915298462 114
1695681636498 0.3694221079349518 115
1695681636539 0.5140581727027893 116
1695681636582 0.5367878079414368 117
1695681636624 0.5027424693107605 118
1695681636659 0.5183965563774109 119
1695681636693 0.5149325132369995 120
1695681641342 0.7613093852996826 121
1695681641384 0.509349524974823 122
1695681641425 0.6580455303192139 123
1695681641464 0.6302312016487122 124
1695681641504 0.3567443788051605 125
1695681641543 0.5447179675102234 126
1695681641582 0.5201838612556458 127
1695681641622 0.21258075535297394 128
1695681641660 0.5104762315750122 129
1695681641699 0.09174565970897675 130
1695681641734 0.5113663077354431 131
1695681641768 0.1564401537179947 132
1695681646249 0.4199239909648895 133
1695681646289 0.29079490900039673 134
1695681646329 0.45323050022125244 135
1695681646368 0.24396686255931854 136
1695681646408 0.5103055834770203 137
1695681646448 0.7075204253196716 138
1695681646488 0.30766746401786804 139
1695681646527 0.2568891644477844 140
1695681646566 0.5082923173904419 141
1695681646605 0.2808840870857239 142
1695681646639 0.5355402231216431 143
1695681646673 0.566962718963623 144
1695681651154 0.21480296552181244 145
1695681651194 0.0962115228176117 146
1695681651235 0.5362726449966431 147
1695681651276 0.16177485883235931 148
1695681651317 0.32335418462753296 149
1695681651357 0.251756876707077 150
1695681651399 0.5110718011856079 151
1695681651440 0.5105483531951904 152
1695681651482 0.1249144971370697 153
1695681651523 0.40673479437828064 154
1695681651558 0.5151136517524719 155
1695681651603 0.17228032648563385 156
1695681656139 0.6798685193061829 157
1695681656179 0.5178192853927612 158
1695681656218 0.14057040214538574 159
1695681656257 0.5269007086753845 160
1695681656297 0.17768210172653198 161
1695681656337 0.09891653060913086 162
1695681656376 0.519178569316864 163
1695681656414 0.6239548921585083 164
1695681656453 0.5117294788360596 165
1695681656492 0.5159440636634827 166
1695681656528 0.28998327255249023 167
1695681656564 0.30512291193008423 168
1695681661120 0.7113758325576782 169
1695681661163 0.5088897943496704 170
1695681661202 0.521454930305481 171
1695681661243 0.5302314758300781 172
1695681661283 0.3450216054916382 173
1695681661322 0.5189786553382874 174
1695681661361 0.5175788402557373 175
1695681661400 0.3322829604148865 176
1695681661439 0.31459158658981323 177
1695681661477 0.30763673782348633 178
1695681661513 0.18735644221305847 179
1695681661547 0.24757711589336395 180
1695681666046 0.4400983452796936 181
1695681666086 0.13222187757492065 182
1695681666125 0.5184308290481567 183
1695681666166 0.7218850255012512 184
1695681666205 0.30909043550491333 185
1695681666245 0.39618170261383057 186
1695681666290 0.5162201523780823 187
1695681666330 0.39360642433166504 188
1695681666371 0.5452703237533569 189
1695681666412 0.12292622774839401 190
1695681666453 0.16128957271575928 191
1695681666491 0.3126971423625946 192
1695681671009 0.5362802743911743 193
1695681671051 0.2577992379665375 194
1695681671091 0.2814953923225403 195
1695681671131 0.2331889420747757 196
1695681671170 0.4987189769744873 197
1695681671209 0.532904326915741 198
1695681671249 0.33227720856666565 199
1695681671288 0.5256672501564026 200
1695681671328 0.5123624801635742 201
1695681671367 0.5317305326461792 202
1695681671401 0.5127710103988647 203
1695681671435 0.245926171541214 204
1695681675972 0.20200100541114807 205
1695681676014 0.510894775390625 206
1695681676055 0.20254577696323395 207
1695681676096 0.510615885257721 208
1695681676136 0.3015899658203125 209
1695681676176 0.509129524230957 210
1695681676216 0.5115747451782227 211
1695681676257 0.2593444585800171 212
1695681676297 0.5113917589187622 213
1695681676336 0.5131926536560059 214
1695681676371 0.1856691837310791 215
1695681676405 0.5207235813140869 216
1695681680908 0.15368430316448212 217
1695681680947 0.5094034075737 218
1695681680987 0.5258283615112305 219
1695681681033 0.9214625358581543 220
1695681681071 0.5266730189323425 221
1695681681111 0.4327439069747925 222
1695681681149 0.5103463530540466 223
1695681681189 0.5192398428916931 224
1695681681229 0.5160443782806396 225
1695681681269 0.3621414303779602 226
1695681681305 0.2934019863605499 227
1695681681340 0.5569050908088684 228
1695681685859 0.5154502987861633 229
1695681685901 0.26542216539382935 230
1695681685943 0.5222926735877991 231
1695681685985 0.30789458751678467 232
1695681686027 0.5066782236099243 233
1695681686069 0.08152732253074646 234
1695681686109 0.5105516910552979 235
1695681686149 0.5144742131233215 236
1695681686189 0.5153350234031677 237
1695681686230 0.1911655068397522 238
1695681686265 0.5165043473243713 239
1695681686300 0.6433667540550232 240
1695681690885 0.5179299712181091 241
1695681690924 0.5147077441215515 242
1695681690968 0.16224399209022522 243
1695681691009 0.3767947554588318 244
1695681691050 0.23051407933235168 245
1695681691090 0.527076780796051 246
1695681691130 0.510696530342102 247
1695681691169 0.5164852738380432 248
1695681691210 0.34488025307655334 249
1695681691251 0.17165644466876984 250
1695681691286 0.5130494236946106 251
1695681691320 0.5135696530342102 252
1695681695821 0.6073275804519653 253
1695681695861 0.697786271572113 254
1695681695901 0.5142399072647095 255
1695681695940 0.5283654928207397 256
1695681695980 0.5239642262458801 257
1695681696020 0.512259840965271 258
1695681696060 0.4281599223613739 259
1695681696100 0.12618085741996765 260
1695681696140 0.5096572637557983 261
1695681696179 0.5159285068511963 262
1695681696215 0.4472050368785858 263
1695681696249 0.5106253027915955 264
1695681700756 0.5160836577415466 265
1695681700796 0.24036486446857452 266
1695681700837 0.5169487595558167 267
1695681700878 0.4982031583786011 268
1695681700917 0.49333104491233826 269
1695681700956 0.5135738849639893 270
1695681700997 0.22845081984996796 271
1695681701038 0.09804579615592957 272
1695681701078 0.5222765207290649 273
1695681701117 0.5138483047485352 274
1695681701151 0.29843851923942566 275
1695681701185 0.7347860336303711 276
1695681705677 0.5194776058197021 277
1695681705718 0.27273017168045044 278
1695681705758 0.5663564801216125 279
1695681705797 0.739589273929596 280
1695681705836 0.5146946907043457 281
1695681705876 0.1512618064880371 282
1695681705916 0.19032208621501923 283
1695681705954 0.519482433795929 284
1695681705992 0.5578960180282593 285
1695681706031 0.5371782183647156 286
1695681706065 0.1520395278930664 287
1695681706099 0.5275124311447144 288
1695681710644 0.5121745467185974 289
1695681710701 0.524625837802887 290
1695681710741 0.19224700331687927 291
1695681710782 0.2020031362771988 292
1695681710822 0.5029862523078918 293
1695681710861 0.5070878863334656 294
1695681710899 0.5088611841201782 295
1695681710938 0.4845001697540283 296
1695681710976 0.5074782371520996 297
1695681711019 0.5090193748474121 298
1695681711054 0.5179281234741211 299
1695681711089 0.16027650237083435 300
1695681715602 0.5115987062454224 301
1695681715648 0.275555819272995 302
1695681715689 0.6747994422912598 303
1695681715729 0.5083969831466675 304
1695681715770 0.5064598917961121 305
1695681715810 0.2379152476787567 306
1695681715853 0.5115408897399902 307
1695681715893 0.5121495723724365 308
1695681715934 0.21790891885757446 309
1695681715975 0.5093458294868469 310
1695681716011 0.5075592398643494 311
1695681716047 0.5419659614562988 312
1695681720589 0.44635632634162903 313
1695681720629 0.21433831751346588 314
1695681720669 0.2223876416683197 315
1695681720710 1.172273874282837 316
1695681720749 0.3710455894470215 317
1695681720789 0.5070132613182068 318
1695681720828 0.598052442073822 319
1695681720869 0.5132959485054016 320
1695681720908 0.5203385353088379 321
1695681720947 0.5064206719398499 322
1695681720981 0.2180359959602356 323
1695681721015 0.5296021699905396 324
1695681725505 0.5065689086914062 325
1695681725546 0.5090566277503967 326
1695681725587 0.5110571384429932 327
1695681725627 0.5062673687934875 328
1695681725668 0.9107351303100586 329
1695681725709 0.2779034674167633 330
1695681725750 0.3853635787963867 331
1695681725790 0.4833275377750397 332
1695681725831 0.31117552518844604 333
1695681725872 0.5281813740730286 334
1695681725907 0.5142417550086975 335
1695681725942 0.4912870228290558 336
1695681730447 0.12134185433387756 337
1695681730487 0.672662615776062 338
1695681730525 0.5414786338806152 339
1695681730566 0.2943568825721741 340
1695681730605 0.5205772519111633 341
1695681730645 0.3266923725605011 342
1695681730685 0.3819665312767029 343
1695681730724 0.5234362483024597 344
1695681730763 0.5239829421043396 345
1695681730802 0.2761884927749634 346
1695681730838 0.40029463171958923 347
1695681730872 0.2725009024143219 348
1695681735365 0.5819873809814453 349
1695681735405 0.5089846253395081 350
1695681735446 0.1729283332824707 351
1695681735485 0.512562096118927 352
1695681735526 0.5104641318321228 353
1695681735566 0.5161051750183105 354
1695681735606 0.39039406180381775 355
1695681735645 0.40390801429748535 356
1695681735684 0.5070711970329285 357
1695681735723 0.3026750683784485 358
1695681735758 0.5192988514900208 359
1695681735792 0.18973080813884735 360
1695681740307 0.34396877884864807 361
1695681740354 0.2980279326438904 362
1695681740400 0.12090113759040833 363
1695681740444 0.5126187801361084 364
1695681740489 0.5108973979949951 365
1695681740534 1.866426944732666 366
1695681740578 0.17821553349494934 367
1695681740620 0.3849068582057953 368
1695681740663 0.5341020822525024 369
1695681740707 0.41717207431793213 370
1695681740743 0.5808565020561218 371
1695681740777 0.5712885856628418 372
1695681745280 0.5206779837608337 373
1695681745321 0.5590419769287109 374
1695681745362 0.16202732920646667 375
1695681745402 0.5448567867279053 376
1695681745441 0.5157895088195801 377
1695681745480 0.24126127362251282 378
1695681745520 0.2411082237958908 379
1695681745560 0.3898921608924866 380
1695681745601 0.5249280333518982 381
1695681745641 0.5331922769546509 382
1695681745677 0.5236473679542542 383
1695681745711 0.522526741027832 384
1695681750377 0.5156855583190918 385
1695681750418 0.695210337638855 386
1695681750461 0.5152482986450195 387
1695681750505 0.18162722885608673 388
1695681750548 0.5370345115661621 389
1695681750592 0.40743932127952576 390
1695681750637 0.4795553386211395 391
1695681750681 0.28609827160835266 392
1695681750722 0.5099913477897644 393
1695681750761 0.4047985076904297 394
1695681750796 0.20559735596179962 395
1695681750830 0.5240164995193481 396
1695681755358 0.2145281434059143 397
1695681755399 0.8111334443092346 398
1695681755439 0.18590989708900452 399
1695681755478 0.5174731612205505 400
1695681755518 0.5114733576774597 401
1695681755558 0.5458892583847046 402
1695681755598 0.245853990316391 403
1695681755637 0.20066297054290771 404
1695681755677 0.5139978528022766 405
1695681755717 0.2551376521587372 406
1695681755753 0.4894472062587738 407
1695681755788 0.17277470231056213 408
1695681760298 0.4517855644226074 409
1695681760339 0.5275564789772034 410
1695681760379 0.9716185331344604 411
1695681760420 0.5127046704292297 412
1695681760460 0.5245074033737183 413
1695681760500 0.2282131016254425 414
1695681760539 0.5512620806694031 415
1695681760581 0.5943795442581177 416
1695681760623 0.3542011082172394 417
1695681760667 0.24879887700080872 418
1695681760702 0.5249294638633728 419
1695681760737 0.5148682594299316 420
1695681765272 0.5548082590103149 421
1695681765313 0.5256040096282959 422
1695681765354 0.4794847369194031 423
1695681765394 0.7407182455062866 424
1695681765433 0.5539119839668274 425
1695681765473 0.5141557455062866 426
1695681765514 0.22147822380065918 427
1695681765555 0.3817227780818939 428
1695681765596 0.30174723267555237 429
1695681765635 0.51171875 430
1695681765670 0.5068596005439758 431
1695681765706 0.26861533522605896 432
1695681770229 0.18166978657245636 433
1695681770269 0.5256981253623962 434
1695681770309 0.5131847858428955 435
1695681770349 1.1450200080871582 436
1695681770389 0.36443209648132324 437
1695681770429 0.508191704750061 438
1695681770468 0.5092132687568665 439
1695681770508 0.4777039587497711 440
1695681770547 0.5017758011817932 441
1695681770587 0.5064535140991211 442
1695681770622 0.5132555961608887 443
1695681770656 0.5070551633834839 444
1695681775159 0.513442873954773 445
1695681775199 0.158730611205101 446
1695681775239 0.5083031058311462 447
1695681775279 0.5013973712921143 448
1695681775318 0.36532312631607056 449
1695681775356 0.5104619860649109 450
1695681775394 0.5132983922958374 451
1695681775433 0.5678001642227173 452
1695681775472 0.508129894733429 453
1695681775512 0.48054805397987366 454
1695681775546 0.5843021869659424 455
1695681775581 0.44739246368408203 456
1695681780208 0.5185290575027466 457
1695681780248 0.5196051597595215 458
1695681780290 0.11455038189888 459
1695681780330 0.5170521140098572 460
1695681780369 0.5160353183746338 461
1695681780411 0.4553728699684143 462
1695681780453 0.5086455941200256 463
1695681780497 0.5082289576530457 464
1695681780540 0.23122625052928925 465
1695681780585 0.5093566179275513 466
1695681780622 0.5115123391151428 467
1695681780658 0.4936610460281372 468
1695681785211 0.6533029675483704 469
1695681785253 0.5021846294403076 470
1695681785294 0.5897582769393921 471
1695681785335 0.5065833926200867 472
1695681785375 0.5066076517105103 473
1695681785414 0.5193888545036316 474
1695681785454 0.47252699732780457 475
1695681785496 0.23284786939620972 476
1695681785537 0.5103883743286133 477
1695681785578 0.3220539689064026 478
1695681785614 0.5095688104629517 479
1695681785650 0.5425440669059753 480
1695681790251 0.5251249074935913 481
1695681790291 0.5094376802444458 482
1695681790331 0.18806122243404388 483
1695681790370 0.5078440308570862 484
1695681790409 0.5516252517700195 485
1695681790449 0.2565811574459076 486
1695681790488 0.5085157752037048 487
1695681790528 0.36982864141464233 488
1695681790567 0.508295476436615 489
1695681790608 0.5153847336769104 490
1695681790643 0.1141132116317749 491
1695681790679 0.27279525995254517 492
1695681795221 0.5150638222694397 493
1695681795261 0.5126417875289917 494
1695681795300 0.3317345380783081 495
1695681795340 0.5207182168960571 496
1695681795379 0.5121937394142151 497
1695681795418 0.12307111918926239 498
1695681795456 0.5104203820228577 499
1695681795494 0.5125747323036194 500
1695681795533 0.5426477789878845 501
1695681795571 0.5140570998191833 502
1695681795605 0.5088449120521545 503
1695681795640 0.506941020488739 504
1695681800228 0.5077829957008362 505
1695681800268 0.5090395212173462 506
1695681800307 0.5150612592697144 507
1695681800348 0.23595073819160461 508
1695681800388 0.34993836283683777 509
1695681800427 0.5101304650306702 510
1695681800465 0.5060006976127625 511
1695681800504 0.49865439534187317 512
1695681800544 0.25590160489082336 513
1695681800583 0.35259708762168884 514
1695681800617 0.5065885186195374 515
1695681800651 0.22682824730873108 516
1695681805175 0.5015337467193604 517
1695681805216 0.43804943561553955 518
1695681805260 0.7234316468238831 519
1695681805303 0.19594009220600128 520
1695681805345 0.13830454647541046 521
1695681805384 0.1932305097579956 522
1695681805422 0.5135480761528015 523
1695681805461 0.509688138961792 524
1695681805499 0.5114306807518005 525
1695681805539 0.5091848373413086 526
1695681805573 0.507202684879303 527
1695681805608 0.2519143521785736 528
1695681810124 0.5063335299491882 529
1695681810168 1.122841715812683 530
1695681810208 0.32910361886024475 531
1695681810248 0.5291007161140442 532
1695681810286 0.5079659223556519 533
1695681810326 0.5131577253341675 534
1695681810365 0.511366069316864 535
1695681810407 0.5110868215560913 536
1695681810449 0.5291413068771362 537
1695681810493 0.16393119096755981 538
1695681810527 1.864499807357788 539
1695681810561 0.6875046491622925 540
1695681815096 0.361281156539917 541
1695681815135 0.5331329703330994 542
1695681815174 0.5351723432540894 543
1695681815213 0.19350343942642212 544
1695681815252 0.5349228382110596 545
1695681815291 0.13801884651184082 546
1695681815331 0.49003127217292786 547
1695681815371 0.5164058208465576 548
1695681815410 0.5103155970573425 549
1695681815449 0.517130970954895 550
1695681815484 0.5223749279975891 551
1695681815519 0.5093720555305481 552
1695681820082 0.5223436951637268 553
1695681820125 0.45998817682266235 554
1695681820168 0.5107869505882263 555
1695681820212 0.5118370652198792 556
1695681820255 0.5132772922515869 557
1695681820298 0.16718555986881256 558
1695681820341 0.5085313320159912 559
1695681820382 0.5168548822402954 560
1695681820423 0.5100057125091553 561
1695681820464 0.5104801654815674 562
1695681820499 0.506259024143219 563
1695681820533 0.5042180418968201 564
1695681825042 0.29922276735305786 565
1695681825082 0.35099345445632935 566
1695681825122 0.187456414103508 567
1695681825161 0.5098571181297302 568
1695681825201 0.1946570873260498 569
1695681825242 0.5121710896492004 570
1695681825283 0.5104839205741882 571
1695681825324 0.5075279474258423 572
1695681825367 0.5112890005111694 573
1695681825409 0.5102943181991577 574
1695681825443 0.6666287183761597 575
1695681825478 0.5189858078956604 576
1695681830001 0.5239302515983582 577
1695681830041 0.3192289173603058 578
1695681830080 0.5072519779205322 579
1695681830119 0.5201559066772461 580
1695681830159 0.29078608751296997 581
1695681830198 0.8691941499710083 582
1695681830237 0.6780847311019897 583
1695681830274 0.5106950402259827 584
1695681830312 0.515102207660675 585
1695681830352 0.3316434323787689 586
1695681830387 0.3064723014831543 587
1695681830422 0.5103492140769958 588
1695681834996 0.5060590505599976 589
1695681835036 0.5141289830207825 590
1695681835076 0.380212664604187 591
1695681835116 0.5096456408500671 592
1695681835158 0.2775067687034607 593
1695681835197 1.5624914169311523 594
1695681835236 0.5086870193481445 595
1695681835277 0.4107457995414734 596
1695681835318 0.35332104563713074 597
1695681835357 0.5076514482498169 598
1695681835390 0.5974858999252319 599
1695681835424 0.5145577788352966 600
1695681839952 0.45802223682403564 601
1695681839994 0.5301487445831299 602
1695681840037 0.5304895043373108 603
1695681840078 0.45162081718444824 604
1695681840119 0.5321851968765259 605
1695681840160 0.5177373886108398 606
1695681840198 0.5435379147529602 607
1695681840238 1.9915512800216675 608
1695681840277 0.5128583312034607 609
1695681840317 0.11299106478691101 610
1695681840352 0.5540251135826111 611
1695681840387 0.44704675674438477 612
1695681845097 0.553157389163971 613
1695681845137 0.5131430625915527 614
1695681845178 0.5367680191993713 615
1695681845218 0.551435649394989 616
1695681845260 0.7242394685745239 617
1695681845300 0.7219040989875793 618
1695681845341 0.345889687538147 619
1695681845381 0.4763769805431366 620
1695681845421 0.23436053097248077 621
1695681845461 0.44202882051467896 622
1695681845496 0.30853086709976196 623
1695681845530 0.513161838054657 624
1695681850065 0.20411522686481476 625
1695681850105 0.18787600100040436 626
1695681850146 0.5215092897415161 627
1695681850187 0.4673989713191986 628
1695681850228 0.14419107139110565 629
1695681850267 0.5108888745307922 630
1695681850307 0.5108063817024231 631
1695681850345 0.5118598937988281 632
1695681850384 0.2045174539089203 633
1695681850422 0.5136134624481201 634
1695681850457 0.24491620063781738 635
1695681850491 0.5140612125396729 636
1695681855031 0.5086641311645508 637
1695681855071 0.5132404565811157 638
1695681855110 0.5078161954879761 639
1695681855150 0.4151687026023865 640
1695681855190 0.46571633219718933 641
1695681855231 0.5234293341636658 642
1695681855271 0.5115796327590942 643
1695681855313 0.553691029548645 644
1695681855353 0.5097362995147705 645
1695681855392 0.511292576789856 646
1695681855427 0.5023418068885803 647
1695681855461 0.5441991090774536 648
1695681859989 0.48737090826034546 649
1695681860030 0.5123043060302734 650
1695681860071 0.30712786316871643 651
1695681860115 0.5174819827079773 652
1695681860162 0.5260401964187622 653
1695681860208 0.18467311561107635 654
1695681860253 0.5132937431335449 655
1695681860294 0.511258065700531 656
1695681860337 0.20761337876319885 657
1695681860377 0.512190580368042 658
1695681860413 0.30509471893310547 659
1695681860448 0.5586565136909485 660
1695681864987 0.5123499631881714 661
1695681865026 0.5121732354164124 662
1695681865066 0.13010485470294952 663
1695681865106 0.5082274079322815 664
1695681865145 0.5072968602180481 665
1695681865185 0.3195602297782898 666
1695681865226 0.16461534798145294 667
1695681865266 1.1268317699432373 668
1695681865307 0.5345736145973206 669
1695681865349 0.17145758867263794 670
1695681865385 0.510412335395813 671
1695681865420 0.5141054391860962 672
1695681869969 0.13250908255577087 673
1695681870011 0.2501274347305298 674
1695681870052 0.2918284833431244 675
1695681870093 0.8038871884346008 676
1695681870133 0.5350485444068909 677
1695681870174 0.12619194388389587 678
1695681870214 0.5137535929679871 679
1695681870255 0.13554814457893372 680
1695681870297 0.39405739307403564 681
1695681870337 0.5121487975120544 682
1695681870372 0.5139520168304443 683
1695681870407 0.7608765363693237 684
1695681874947 0.6358405351638794 685
1695681874988 0.5084951519966125 686
1695681875030 0.5210745334625244 687
1695681875074 0.44371870160102844 688
1695681875118 0.5484744906425476 689
1695681875162 0.5207241177558899 690
1695681875207 0.5462604761123657 691
1695681875251 0.5377339720726013 692
1695681875295 0.39788752794265747 693
1695681875339 0.26166844367980957 694
1695681875374 0.19897224009037018 695
1695681875408 0.47680899500846863 696
1695681879968 0.6631126999855042 697
1695681880008 0.5193820595741272 698
1695681880046 0.5694088339805603 699
1695681880085 0.5109277963638306 700
1695681880125 0.3373849093914032 701
1695681880167 0.13508190214633942 702
1695681880207 0.5106351375579834 703
1695681880248 0.5096687078475952 704
1695681880290 0.7988131642341614 705
1695681880332 0.24869310855865479 706
1695681880368 0.5065881609916687 707
1695681880403 0.25265926122665405 708
1695681884941 0.21115344762802124 709
1695681884980 0.5416063070297241 710
1695681885019 0.22388622164726257 711
1695681885058 0.28608599305152893 712
1695681885096 0.24689501523971558 713
1695681885135 0.516516387462616 714
1695681885174 0.31770941615104675 715
1695681885215 0.14151182770729065 716
1695681885255 0.17733240127563477 717
1695681885295 0.5181695818901062 718
1695681885331 0.375633180141449 719
1695681885367 0.5195791125297546 720
1695681889984 0.26413682103157043 721
1695681890024 0.4667341411113739 722
1695681890064 0.32429254055023193 723
1695681890105 0.1900348663330078 724
1695681890145 0.40725407004356384 725
1695681890184 0.8792662620544434 726
1695681890224 0.517244279384613 727
1695681890263 0.18600142002105713 728
1695681890302 0.20247110724449158 729
1695681890340 0.8649907112121582 730
1695681890375 0.21061094105243683 731
1695681890409 0.5211443305015564 732
1695681894915 0.864747941493988 733
1695681894955 0.5652914643287659 734
1695681894994 0.521048903465271 735
1695681895033 0.4428738057613373 736
1695681895072 0.5078052878379822 737
1695681895110 0.1994805485010147 738
1695681895149 0.1798039674758911 739
1695681895188 0.16636234521865845 740
1695681895227 0.5158029198646545 741
1695681895265 0.27200934290885925 742
1695681895299 0.5108636021614075 743
1695681895334 0.5299904942512512 744
1695681899875 0.19833752512931824 745
1695681899915 0.26137667894363403 746
1695681899955 0.5075021982192993 747
1695681899997 0.24579674005508423 748
1695681900046 0.20699721574783325 749
1695681900087 0.14904949069023132 750
1695681900126 0.5068281888961792 751
1695681900166 0.14952528476715088 752
1695681900207 0.11918987333774567 753
1695681900249 0.43995973467826843 754
1695681900285 0.13511525094509125 755
1695681900321 0.5141911506652832 756
1695681904920 0.5337478518486023 757
1695681904960 0.21138687431812286 758
1695681904999 0.5096486806869507 759
1695681905038 0.5088115334510803 760
1695681905077 0.5134104490280151 761
1695681905117 0.287375807762146 762
1695681905156 0.5109479427337646 763
1695681905195 0.5135520100593567 764
1695681905235 0.5077056884765625 765
1695681905274 0.49097609519958496 766
1695681905308 0.5112106204032898 767
1695681905343 0.5078617334365845 768
1695681909888 0.514005184173584 769
1695681909929 0.06984232366085052 770
1695681909969 0.4843214154243469 771
1695681910009 0.509423553943634 772
1695681910047 0.5260214805603027 773
1695681910086 0.5116775035858154 774
1695681910125 0.15145304799079895 775
1695681910166 0.3298598527908325 776
1695681910208 0.25046855211257935 777
1695681910248 0.533173680305481 778
1695681910283 0.4119669198989868 779
1695681910318 0.5088796615600586 780
1695681914998 0.5262957215309143 781
1695681915041 0.39148592948913574 782
1695681915082 0.2174261212348938 783
1695681915123 0.3232593238353729 784
1695681915164 0.3139452338218689 785
1695681915204 0.5405781269073486 786
1695681915246 0.28060227632522583 787
1695681915288 0.5120053887367249 788
1695681915330 0.510350227355957 789
1695681915371 0.5070648789405823 790
1695681915409 0.38324087858200073 791
1695681915445 0.5101181864738464 792
1695681919998 0.5260829329490662 793
1695681920038 0.16734860837459564 794
1695681920077 0.5067431926727295 795
1695681920116 0.30961549282073975 796
1695681920155 0.5190476775169373 797
1695681920194 0.3118959665298462 798
1695681920233 0.5129225850105286 799
1695681920272 0.510181725025177 800
1695681920314 0.25084784626960754 801
1695681920353 0.6734541058540344 802
1695681920388 0.2887232005596161 803
1695681920421 0.5155606865882874 804
1695681924982 0.5242758393287659 805
1695681925021 0.545025646686554 806
1695681925060 0.5387961864471436 807
1695681925100 0.3475063443183899 808
1695681925139 0.5077792406082153 809
1695681925179 0.3054981231689453 810
1695681925217 0.5182785391807556 811
1695681925257 0.4721299707889557 812
1695681925297 0.5113088488578796 813
1695681925337 0.5438336730003357 814
1695681925372 0.7162659764289856 815
1695681925407 0.13960838317871094 816
1695681929968 0.24331358075141907 817
1695681930009 0.5288701057434082 818
1695681930050 0.5199355483055115 819
1695681930091 0.5172497034072876 820
1695681930131 0.5236225724220276 821
1695681930172 0.5303322076797485 822
1695681930212 0.5112338066101074 823
1695681930253 0.332292765378952 824
1695681930292 0.5157886743545532 825
1695681930333 0.5078951120376587 826
1695681930368 0.5106512308120728 827
1695681930403 0.5226617455482483 828
1695681934964 0.18313147127628326 829
1695681935004 0.5126545429229736 830
1695681935045 0.5105041861534119 831
1695681935086 0.23383104801177979 832
1695681935125 0.526167631149292 833
1695681935165 0.5140697956085205 834
1695681935203 0.2871664762496948 835
1695681935244 0.5086547136306763 836
1695681935286 0.5084368586540222 837
1695681935331 0.22150564193725586 838
1695681935366 0.4110333025455475 839
1695681935400 0.508076012134552 840
1695681939984 0.29516005516052246 841
1695681940025 0.2370140552520752 842
1695681940065 0.5069184899330139 843
1695681940104 0.5087051391601562 844
1695681940153 0.1373540163040161 845
1695681940198 0.2183130830526352 846
1695681940244 0.2514282166957855 847
1695681940288 0.635101318359375 848
1695681940333 0.5198090672492981 849
1695681940375 0.2351810187101364 850
1695681940411 0.21951274573802948 851
1695681940446 0.5447376370429993 852
1695681945246 0.07613197714090347 853
1695681945288 0.4413397014141083 854
1695681945327 0.5143348574638367 855
1695681945367 0.5124548673629761 856
1695681945407 0.5968341827392578 857
1695681945446 0.5181111097335815 858
1695681945486 0.5101196765899658 859
1695681945525 0.25834333896636963 860
1695681945564 0.6394378542900085 861
1695681945604 0.4479663670063019 862
1695681945638 0.270185261964798 863
1695681945671 0.5066254734992981 864
1695681950207 0.5077109932899475 865
1695681950246 0.5063450932502747 866
1695681950286 0.5081374049186707 867
1695681950329 0.2564845681190491 868
1695681950373 0.5164507627487183 869
1695681950417 0.10676349699497223 870
1695681950460 0.16900934278964996 871
1695681950504 0.19864992797374725 872
1695681950547 0.19714303314685822 873
1695681950590 0.5221114754676819 874
1695681950625 0.5065345168113708 875
1695681950659 0.43641242384910583 876
1695681955208 0.5100919604301453 877
1695681955250 0.15311121940612793 878
1695681955290 0.5089365243911743 879
1695681955329 0.5169447660446167 880
1695681955369 0.5422558784484863 881
1695681955407 0.5024815201759338 882
1695681955445 0.522958517074585 883
1695681955484 0.23474489152431488 884
1695681955522 0.5103870630264282 885
1695681955562 0.20388419926166534 886
1695681955599 0.34865638613700867 887
1695681955635 0.5199399590492249 888
1695681960220 0.669644832611084 889
1695681960259 0.521243691444397 890
1695681960299 0.4939759075641632 891
1695681960339 0.5262434482574463 892
1695681960378 0.5167912840843201 893
1695681960417 0.5111992955207825 894
1695681960457 0.5097576379776001 895
1695681960497 0.5154688954353333 896
1695681960537 0.5146902799606323 897
1695681960577 0.5324229001998901 898
1695681960613 0.5593734979629517 899
1695681960647 0.5082723498344421 900
1695681965189 0.5067023038864136 901
1695681965230 0.3351709246635437 902
1695681965270 0.13778172433376312 903
1695681965309 0.5065209865570068 904
1695681965348 0.5276225805282593 905
1695681965387 0.5661224722862244 906
1695681965426 0.16410887241363525 907
1695681965465 0.508292019367218 908
1695681965505 0.5160640478134155 909
1695681965544 0.15093126893043518 910
1695681965579 0.5242560505867004 911
1695681965614 0.39548760652542114 912
1695681970188 0.512860119342804 913
1695681970228 0.5065853595733643 914
1695681970267 0.5089907050132751 915
1695681970307 0.15833595395088196 916
1695681970346 0.5096225738525391 917
1695681970386 0.5767834186553955 918
1695681970426 0.2966354787349701 919
1695681970466 0.41265904903411865 920
1695681970506 0.11724772304296494 921
1695681970544 0.508173406124115 922
1695681970578 0.5067989826202393 923
1695681970612 0.507220983505249 924
1695681975168 0.16826538741588593 925
1695681975209 0.2891078591346741 926
1695681975250 0.18965844810009003 927
1695681975289 0.5078597664833069 928
1695681975328 0.5056625008583069 929
1695681975368 0.6791380643844604 930
1695681975408 0.12100199609994888 931
1695681975448 0.37246543169021606 932
1695681975489 0.14891546964645386 933
1695681975531 0.44274288415908813 934
1695681975566 0.506670355796814 935
1695681975601 0.8959068059921265 936
1695681980154 0.15847226977348328 937
1695681980193 1.8602540493011475 938
1695681980232 0.5076045393943787 939
1695681980271 0.51312255859375 940
1695681980311 0.08294667303562164 941
1695681980349 0.5456894636154175 942
1695681980388 0.19558805227279663 943
1695681980427 0.19508005678653717 944
1695681980466 0.4384511411190033 945
1695681980505 0.8051289319992065 946
1695681980539 0.42768394947052 947
1695681980573 0.6599347591400146 948
1695681985137 0.928718090057373 949
1695681985179 0.17320846021175385 950
1695681985219 0.7841947674751282 951
1695681985259 0.5223971605300903 952
1695681985298 0.5594391822814941 953
1695681985337 0.5814527869224548 954
1695681985376 0.5457366108894348 955
1695681985415 0.45446303486824036 956
1695681985453 0.5121374726295471 957
1695681985491 0.5455952882766724 958
1695681985525 0.5999609231948853 959
1695681985560 0.4484995901584625 960
1695681990187 0.5090462565422058 961
1695681990228 0.6181173324584961 962
1695681990268 0.11602939665317535 963
1695681990308 0.5251662731170654 964
1695681990349 0.1333252191543579 965
1695681990389 0.7573948502540588 966
1695681990430 0.42832380533218384 967
1695681990469 0.5296854972839355 968
1695681990509 0.5279170274734497 969
1695681990549 0.4515604078769684 970
1695681990585 0.5154958367347717 971
1695681990621 0.29019325971603394 972
1695681995191 0.5146161317825317 973
1695681995232 0.5179176926612854 974
1695681995273 0.7435436248779297 975
1695681995314 0.25626593828201294 976
1695681995355 0.5025781393051147 977
1695681995395 0.2511135935783386 978
1695681995434 0.5216087102890015 979
1695681995472 0.5148242712020874 980
1695681995512 0.5194125175476074 981
1695681995552 0.5801369547843933 982
1695681995589 0.511376678943634 983
1695681995625 0.43763795495033264 984
1695682000231 0.3283521831035614 985
1695682000272 0.30221325159072876 986
1695682000312 0.28386932611465454 987
1695682000351 0.47139617800712585 988
1695682000391 0.42310386896133423 989
1695682000429 0.5364640951156616 990
1695682000468 0.514164924621582 991
1695682000507 0.6230472326278687 992
1695682000547 0.27325430512428284 993
1695682000586 0.13260722160339355 994
1695682000620 0.11983716487884521 995
1695682000654 0.4479025602340698 996
1695682005212 0.5100614428520203 997
1695682005254 0.3796808421611786 998
1695682005296 0.40726399421691895 999
1695682005338 0.06147708743810654 1000
1695682005380 0.5257347226142883 1001
1695682005421 0.17259955406188965 1002
1695682005462 0.514054536819458 1003
1695682005503 0.13133296370506287 1004
1695682005542 0.5083276033401489 1005
1695682005582 0.32180607318878174 1006
1695682005616 0.5095669627189636 1007
1695682005651 0.1437426507472992 1008
1695682010221 0.45798659324645996 1009
1695682010262 0.11817228049039841 1010
1695682010302 0.4857370853424072 1011
1695682010341 0.5442991256713867 1012
1695682010380 0.41593366861343384 1013
1695682010420 0.32821139693260193 1014
1695682010460 0.5149250626564026 1015
1695682010500 0.177882120013237 1016
1695682010540 0.5143487453460693 1017
1695682010579 0.5101879835128784 1018
1695682010613 0.565890908241272 1019
1695682010647 0.5349869132041931 1020
1695682015222 0.20042063295841217 1021
1695682015262 0.2819504141807556 1022
1695682015303 0.19941619038581848 1023
1695682015343 0.30242329835891724 1024
1695682015383 0.32336142659187317 1025
1695682015422 0.5235976576805115 1026
1695682015463 0.5105518102645874 1027
1695682015503 0.16120798885822296 1028
1695682015542 0.5282444357872009 1029
1695682015584 0.21612614393234253 1030
1695682015620 0.5261957049369812 1031
1695682015655 0.32217639684677124 1032
1695682020267 0.5087976455688477 1033
1695682020312 0.5092858076095581 1034
1695682020353 0.17128683626651764 1035
1695682020396 0.3424254059791565 1036
1695682020440 0.5103586316108704 1037
1695682020486 0.21463726460933685 1038
1695682020530 0.12872129678726196 1039
1695682020576 0.3824149966239929 1040
1695682020618 0.574910044670105 1041
1695682020659 0.43345171213150024 1042
1695682020695 0.07210814207792282 1043
1695682020732 0.4178827404975891 1044
1695682025494 0.5142467021942139 1045
1695682025534 0.2809690237045288 1046
1695682025574 1.0192785263061523 1047
1695682025618 0.14824260771274567 1048
1695682025661 0.5233283638954163 1049
1695682025706 0.3610653579235077 1050
1695682025751 0.07966715097427368 1051
1695682025795 0.5637179613113403 1052
1695682025834 0.3432091474533081 1053
1695682025874 0.5094398260116577 1054
1695682025910 0.15630200505256653 1055
1695682025945 0.5122107267379761 1056
1695682030505 0.5070585608482361 1057
1695682030545 0.5070868134498596 1058
1695682030585 0.5144653916358948 1059
1695682030624 0.2299702912569046 1060
1695682030663 0.2389218807220459 1061
1695682030703 0.09827432781457901 1062
1695682030743 0.21984900534152985 1063
1695682030784 0.5072515606880188 1064
1695682030824 0.4100806713104248 1065
1695682030865 0.14807680249214172 1066
1695682030900 0.21654653549194336 1067
1695682030936 0.5084212422370911 1068
1695682035493 0.49687454104423523 1069
1695682035534 0.4967516362667084 1070
1695682035573 0.5677945613861084 1071
1695682035614 0.0982917994260788 1072
1695682035655 0.5095394849777222 1073
1695682035696 0.551348865032196 1074
1695682035736 0.5079376101493835 1075
1695682035775 0.506840169429779 1076
1695682035817 0.2156633734703064 1077
1695682035857 0.4807429611682892 1078
1695682035893 0.09627363085746765 1079
1695682035929 0.5039861798286438 1080
1695682040529 0.5165033936500549 1081
1695682040569 0.416948139667511 1082
1695682040608 0.14876940846443176 1083
1695682040646 0.12410447001457214 1084
1695682040684 0.5679171085357666 1085
1695682040722 0.5070565938949585 1086
1695682040760 0.5093335509300232 1087
1695682040798 0.5154640078544617 1088
1695682040837 0.5445469617843628 1089
1695682040874 0.5104392766952515 1090
1695682040908 0.5251319408416748 1091
1695682040942 0.514029860496521 1092
1695682045514 0.6075640916824341 1093
1695682045555 0.21349942684173584 1094
1695682045596 0.5055229067802429 1095
1695682045636 0.33540433645248413 1096
1695682045675 0.5152778625488281 1097
1695682045715 0.5049164891242981 1098
1695682045755 0.5527616739273071 1099
1695682045796 0.5101506114006042 1100
1695682045835 0.13667327165603638 1101
1695682045878 0.2738025188446045 1102
1695682045914 0.13432131707668304 1103
1695682045949 0.5513160228729248 1104
1695682050511 0.08663146942853928 1105
1695682050552 0.5290635228157043 1106
1695682050591 0.3917072117328644 1107
1695682050631 0.1876404732465744 1108
1695682050671 0.508425772190094 1109
1695682050711 0.2489817589521408 1110
1695682050751 0.5103729367256165 1111
1695682050792 0.5967227816581726 1112
1695682050832 0.511742889881134 1113
1695682050872 0.5152263045310974 1114
1695682050907 0.5142744183540344 1115
1695682050943 0.4424620568752289 1116
1695682055509 0.30043894052505493 1117
1695682055549 0.2203305959701538 1118
1695682055588 0.42691630125045776 1119
1695682055627 0.5089289546012878 1120
1695682055666 0.5579376816749573 1121
1695682055704 0.5107725262641907 1122
1695682055743 0.39927420020103455 1123
1695682055782 0.5106171369552612 1124
1695682055820 0.5141158699989319 1125
1695682055860 0.35509297251701355 1126
1695682055895 0.41691553592681885 1127
1695682055931 0.12670964002609253 1128
1695682060525 0.3395231366157532 1129
1695682060566 0.5030930042266846 1130
1695682060607 0.5138377547264099 1131
1695682060645 0.5064235329627991 1132
1695682060685 0.16962027549743652 1133
1695682060724 0.5181348919868469 1134
1695682060762 0.5057591795921326 1135
1695682060801 0.2322378009557724 1136
1695682060841 0.5170062184333801 1137
1695682060879 0.5100621581077576 1138
1695682060916 0.5134359002113342 1139
1695682060950 0.5314633250236511 1140
1695682065525 0.13600927591323853 1141
1695682065566 2.28566837310791 1142
1695682065607 0.41274788975715637 1143
1695682065646 0.51158607006073 1144
1695682065685 0.5565393567085266 1145
1695682065725 0.35902929306030273 1146
1695682065765 0.5109047293663025 1147
1695682065805 0.2571803629398346 1148
1695682065844 0.15632161498069763 1149
1695682065884 0.3002813756465912 1150
1695682065919 0.06278079003095627 1151
1695682065953 0.5075783133506775 1152
1695682070527 0.6084117889404297 1153
1695682070567 0.5115053057670593 1154
1695682070607 0.47364282608032227 1155
1695682070647 0.09750819206237793 1156
1695682070686 0.5203378200531006 1157
1695682070725 0.5051555633544922 1158
1695682070764 0.4901052713394165 1159
1695682070804 0.8726121187210083 1160
1695682070844 0.20743335783481598 1161
1695682070883 0.19952881336212158 1162
1695682070919 0.11849615722894669 1163
1695682070954 0.21598175168037415 1164
1695682075522 0.5085734128952026 1165
1695682075561 0.7833187580108643 1166
1695682075600 0.6122548580169678 1167
1695682075639 0.2378835380077362 1168
1695682075679 0.3371052145957947 1169
1695682075719 0.5100782513618469 1170
1695682075760 0.5876100063323975 1171
1695682075801 0.12365856766700745 1172
1695682075842 0.3068031072616577 1173
1695682075882 0.5287656784057617 1174
1695682075917 0.5199901461601257 1175
1695682075951 0.5048307776451111 1176
1695682080560 0.5059705972671509 1177
1695682080600 0.5093035697937012 1178
1695682080640 0.47526663541793823 1179
1695682080680 0.17859357595443726 1180
1695682080721 0.2640451192855835 1181
1695682080763 0.5907313823699951 1182
1695682080803 0.4127182066440582 1183
1695682080844 0.5069736838340759 1184
1695682080883 0.19921955466270447 1185
1695682080922 0.5046365261077881 1186
1695682080957 0.546687662601471 1187
1695682080991 0.4922032356262207 1188
1695682085560 0.24038083851337433 1189
1695682085601 0.5147761106491089 1190
1695682085641 0.6475954651832581 1191
1695682085682 0.5072460770606995 1192
1695682085721 0.5124238729476929 1193
1695682085760 0.2321566343307495 1194
1695682085799 0.2525520324707031 1195
1695682085840 0.21695125102996826 1196
1695682085880 0.3705746531486511 1197
1695682085921 0.21737028658390045 1198
1695682085956 0.8290302753448486 1199
1695682085990 0.5099260210990906 1200
