1695681591154 0.0001 1
1695681591195 0.0001 2
1695681591235 0.0001 3
1695681591274 0.0001 4
1695681591317 0.0001 5
1695681591358 0.0001 6
1695681591397 0.0001 7
1695681591437 0.0001 8
1695681591475 0.0001 9
1695681591515 0.0001 10
1695681591552 0.0001 11
1695681591588 0.0001 12
1695681596379 0.0001 13
1695681596418 0.0001 14
1695681596458 0.0001 15
1695681596497 0.0001 16
1695681596537 0.0001 17
1695681596578 0.0001 18
1695681596618 0.0001 19
1695681596658 0.0001 20
1695681596697 0.0001 21
1695681596736 0.0001 22
1695681596770 0.0001 23
1695681596803 0.0001 24
1695681601506 0.0001 25
1695681601546 0.0001 26
1695681601587 0.0001 27
1695681601627 0.0001 28
1695681601666 0.0001 29
1695681601707 0.0001 30
1695681601748 0.0001 31
1695681601789 0.0001 32
1695681601830 0.0001 33
1695681601869 0.0001 34
1695681601904 0.0001 35
1695681601940 0.0001 36
1695681606580 0.0001 37
1695681606622 0.0001 38
1695681606663 0.0001 39
1695681606705 0.0001 40
1695681606747 0.0001 41
1695681606789 0.0001 42
1695681606828 0.0001 43
1695681606869 0.0001 44
1695681606909 0.0001 45
1695681606949 0.0001 46
1695681606986 0.0001 47
1695681607022 0.0001 48
1695681611649 0.0001 49
1695681611689 0.0001 50
1695681611730 0.0001 51
1695681611769 0.0001 52
1695681611812 0.0001 53
1695681611856 0.0001 54
1695681611899 0.0001 55
1695681611939 0.0001 56
1695681611981 0.0001 57
1695681612023 0.0001 58
1695681612058 0.0001 59
1695681612093 0.0001 60
1695681616633 0.0001 61
1695681616672 0.0001 62
1695681616712 0.0001 63
1695681616752 0.0001 64
1695681616792 0.0001 65
1695681616831 0.0001 66
1695681616871 0.0001 67
1695681616910 0.0001 68
1695681616949 0.0001 69
1695681616988 0.0001 70
1695681617023 0.0001 71
1695681617057 0.0001 72
1695681621528 0.0001 73
1695681621568 0.0001 74
1695681621607 0.0001 75
1695681621646 0.0001 76
1695681621685 0.0001 77
1695681621725 0.0001 78
1695681621764 0.0001 79
1695681621803 0.0001 80
1695681621842 0.0001 81
1695681621882 0.0001 82
1695681621916 0.0001 83
1695681621951 0.0001 84
1695681626424 0.0001 85
1695681626464 0.0001 86
1695681626505 0.0001 87
1695681626546 0.0001 88
1695681626592 0.0001 89
1695681626632 0.0001 90
1695681626671 0.0001 91
1695681626710 0.0001 92
1695681626749 0.0001 93
1695681626789 0.0001 94
1695681626823 0.0001 95
1695681626857 0.0001 96
1695681631319 0.0001 97
1695681631361 0.0001 98
1695681631402 0.0001 99
1695681631443 0.0001 100
1695681631484 0.0001 101
1695681631526 0.0001 102
1695681631566 0.0001 103
1695681631606 0.0001 104
1695681631646 0.0001 105
1695681631687 0.0001 106
1695681631721 0.0001 107
1695681631756 0.0001 108
1695681636242 0.0001 109
1695681636284 0.0001 110
1695681636332 0.0001 111
1695681636375 0.0001 112
1695681636416 0.0001 113
1695681636456 0.0001 114
1695681636500 0.0001 115
1695681636541 0.0001 116
1695681636584 0.0001 117
1695681636625 0.0001 118
1695681636660 0.0001 119
1695681636695 0.0001 120
1695681641344 0.0001 121
1695681641386 0.0001 122
1695681641426 0.0001 123
1695681641465 0.0001 124
1695681641505 0.0001 125
1695681641544 0.0001 126
1695681641584 0.0001 127
1695681641623 0.0001 128
1695681641662 0.0001 129
1695681641701 0.0001 130
1695681641735 0.0001 131
1695681641770 0.0001 132
1695681646251 0.0001 133
1695681646291 0.0001 134
1695681646330 0.0001 135
1695681646370 0.0001 136
1695681646410 0.0001 137
1695681646450 0.0001 138
1695681646489 0.0001 139
1695681646529 0.0001 140
1695681646567 0.0001 141
1695681646607 0.0001 142
1695681646640 0.0001 143
1695681646675 0.0001 144
1695681651155 0.0001 145
1695681651196 0.0001 146
1695681651237 0.0001 147
1695681651277 0.0001 148
1695681651318 0.0001 149
1695681651359 0.0001 150
1695681651400 0.0001 151
1695681651441 0.0001 152
1695681651483 0.0001 153
1695681651524 0.0001 154
1695681651559 0.0001 155
1695681651606 0.0001 156
1695681656141 0.0001 157
1695681656180 0.0001 158
1695681656220 0.0001 159
1695681656259 0.0001 160
1695681656299 0.0001 161
1695681656339 0.0001 162
1695681656377 0.0001 163
1695681656415 0.0001 164
1695681656455 0.0001 165
1695681656494 0.0001 166
1695681656529 0.0001 167
1695681656565 0.0001 168
1695681661122 0.0001 169
1695681661164 0.0001 170
1695681661204 0.0001 171
1695681661244 0.0001 172
1695681661284 0.0001 173
1695681661323 0.0001 174
1695681661362 0.0001 175
1695681661402 0.0001 176
1695681661440 0.0001 177
1695681661479 0.0001 178
1695681661515 0.0001 179
1695681661548 0.0001 180
1695681666048 0.0001 181
1695681666088 0.0001 182
1695681666127 0.0001 183
1695681666167 0.0001 184
1695681666206 0.0001 185
1695681666247 0.0001 186
1695681666292 0.0001 187
1695681666332 0.0001 188
1695681666373 0.0001 189
1695681666414 0.0001 190
1695681666456 0.0001 191
1695681666492 0.0001 192
1695681671011 0.0001 193
1695681671052 0.0001 194
1695681671092 0.0001 195
1695681671133 0.0001 196
1695681671172 0.0001 197
1695681671210 0.0001 198
1695681671250 0.0001 199
1695681671289 0.0001 200
1695681671329 0.0001 201
1695681671369 0.0001 202
1695681671403 0.0001 203
1695681671437 0.0001 204
1695681675974 0.0001 205
1695681676016 0.0001 206
1695681676057 0.0001 207
1695681676097 0.0001 208
1695681676137 0.0001 209
1695681676177 0.0001 210
1695681676218 0.0001 211
1695681676259 0.0001 212
1695681676298 0.0001 213
1695681676338 0.0001 214
1695681676372 0.0001 215
1695681676407 0.0001 216
1695681680909 0.0001 217
1695681680949 0.0001 218
1695681680989 0.0001 219
1695681681034 0.0001 220
1695681681073 0.0001 221
1695681681113 0.0001 222
1695681681150 0.0001 223
1695681681190 0.0001 224
1695681681231 0.0001 225
1695681681271 0.0001 226
1695681681307 0.0001 227
1695681681342 0.0001 228
1695681685861 0.0001 229
1695681685902 0.0001 230
1695681685944 0.0001 231
1695681685987 0.0001 232
1695681686029 0.0001 233
1695681686070 0.0001 234
1695681686111 0.0001 235
1695681686151 0.0001 236
1695681686190 0.0001 237
1695681686231 0.0001 238
1695681686266 0.0001 239
1695681686302 0.0001 240
1695681690886 0.0001 241
1695681690925 0.0001 242
1695681690971 0.0001 243
1695681691011 0.0001 244
1695681691052 0.0001 245
1695681691091 0.0001 246
1695681691131 0.0001 247
1695681691171 0.0001 248
1695681691212 0.0001 249
1695681691252 0.0001 250
1695681691288 0.0001 251
1695681691322 0.0001 252
1695681695823 0.0001 253
1695681695863 0.0001 254
1695681695903 0.0001 255
1695681695942 0.0001 256
1695681695982 0.0001 257
1695681696021 0.0001 258
1695681696062 0.0001 259
1695681696101 0.0001 260
1695681696142 0.0001 261
1695681696180 0.0001 262
1695681696216 0.0001 263
1695681696251 0.0001 264
1695681700757 0.0001 265
1695681700798 0.0001 266
1695681700839 0.0001 267
1695681700879 0.0001 268
1695681700919 0.0001 269
1695681700958 0.0001 270
1695681700998 0.0001 271
1695681701040 0.0001 272
1695681701079 0.0001 273
1695681701118 0.0001 274
1695681701153 0.0001 275
1695681701187 0.0001 276
1695681705679 0.0001 277
1695681705719 0.0001 278
1695681705759 0.0001 279
1695681705798 0.0001 280
1695681705837 0.0001 281
1695681705877 0.0001 282
1695681705917 0.0001 283
1695681705956 0.0001 284
1695681705994 0.0001 285
1695681706033 0.0001 286
1695681706067 0.0001 287
1695681706101 0.0001 288
1695681710646 0.0001 289
1695681710702 0.0001 290
1695681710743 0.0001 291
1695681710783 0.0001 292
1695681710823 0.0001 293
1695681710862 0.0001 294
1695681710900 0.0001 295
1695681710939 0.0001 296
1695681710977 0.0001 297
1695681711021 0.0001 298
1695681711055 0.0001 299
1695681711090 0.0001 300
1695681715604 0.0001 301
1695681715650 0.0001 302
1695681715690 0.0001 303
1695681715731 0.0001 304
1695681715771 0.0001 305
1695681715812 0.0001 306
1695681715854 0.0001 307
1695681715895 0.0001 308
1695681715935 0.0001 309
1695681715976 0.0001 310
1695681716012 0.0001 311
1695681716048 0.0001 312
1695681720590 0.0001 313
1695681720631 0.0001 314
1695681720671 0.0001 315
1695681720711 0.0001 316
1695681720750 0.0001 317
1695681720790 0.0001 318
1695681720830 0.0001 319
1695681720870 0.0001 320
1695681720909 0.0001 321
1695681720949 0.0001 322
1695681720983 0.0001 323
1695681721017 0.0001 324
1695681725507 0.0001 325
1695681725548 0.0001 326
1695681725588 0.0001 327
1695681725628 0.0001 328
1695681725670 0.0001 329
1695681725711 0.0001 330
1695681725751 0.0001 331
1695681725791 0.0001 332
1695681725832 0.0001 333
1695681725874 0.0001 334
1695681725909 0.0001 335
1695681725944 0.0001 336
1695681730449 0.0001 337
1695681730489 0.0001 338
1695681730527 0.0001 339
1695681730567 0.0001 340
1695681730606 0.0001 341
1695681730647 0.0001 342
1695681730686 0.0001 343
1695681730726 0.0001 344
1695681730764 0.0001 345
1695681730804 0.0001 346
1695681730839 0.0001 347
1695681730873 0.0001 348
1695681735367 0.0001 349
1695681735407 0.0001 350
1695681735447 0.0001 351
1695681735487 0.0001 352
1695681735528 0.0001 353
1695681735567 0.0001 354
1695681735608 0.0001 355
1695681735647 0.0001 356
1695681735685 0.0001 357
1695681735725 0.0001 358
1695681735759 0.0001 359
1695681735793 0.0001 360
1695681740309 0.0001 361
1695681740355 0.0001 362
1695681740401 0.0001 363
1695681740446 0.0001 364
1695681740490 0.0001 365
1695681740535 0.0001 366
1695681740579 0.0001 367
1695681740622 0.0001 368
1695681740664 0.0001 369
1695681740709 0.0001 370
1695681740744 0.0001 371
1695681740779 0.0001 372
1695681745281 0.0001 373
1695681745322 0.0001 374
1695681745363 0.0001 375
1695681745403 0.0001 376
1695681745442 0.0001 377
1695681745481 0.0001 378
1695681745522 0.0001 379
1695681745562 0.0001 380
1695681745603 0.0001 381
1695681745643 0.0001 382
1695681745678 0.0001 383
1695681745713 0.0001 384
1695681750379 0.0001 385
1695681750419 0.0001 386
1695681750463 0.0001 387
1695681750506 0.0001 388
1695681750549 0.0001 389
1695681750594 0.0001 390
1695681750639 0.0001 391
1695681750683 0.0001 392
1695681750724 0.0001 393
1695681750763 0.0001 394
1695681750798 0.0001 395
1695681750832 0.0001 396
1695681755360 0.0001 397
1695681755401 0.0001 398
1695681755440 0.0001 399
1695681755480 0.0001 400
1695681755519 0.0001 401
1695681755559 0.0001 402
1695681755599 0.0001 403
1695681755639 0.0001 404
1695681755679 0.0001 405
1695681755719 0.0001 406
1695681755754 0.0001 407
1695681755790 0.0001 408
1695681760299 0.0001 409
1695681760341 0.0001 410
1695681760381 0.0001 411
1695681760422 0.0001 412
1695681760462 0.0001 413
1695681760501 0.0001 414
1695681760540 0.0001 415
1695681760582 0.0001 416
1695681760625 0.0001 417
1695681760668 0.0001 418
1695681760703 0.0001 419
1695681760738 0.0001 420
1695681765274 0.0001 421
1695681765315 0.0001 422
1695681765355 0.0001 423
1695681765396 0.0001 424
1695681765435 0.0001 425
1695681765475 0.0001 426
1695681765515 0.0001 427
1695681765556 0.0001 428
1695681765597 0.0001 429
1695681765637 0.0001 430
1695681765672 0.0001 431
1695681765708 0.0001 432
1695681770231 0.0001 433
1695681770271 0.0001 434
1695681770311 0.0001 435
1695681770351 0.0001 436
1695681770391 0.0001 437
1695681770430 0.0001 438
1695681770469 0.0001 439
1695681770509 0.0001 440
1695681770549 0.0001 441
1695681770589 0.0001 442
1695681770623 0.0001 443
1695681770657 0.0001 444
1695681775160 0.0001 445
1695681775201 0.0001 446
1695681775241 0.0001 447
1695681775280 0.0001 448
1695681775319 0.0001 449
1695681775357 0.0001 450
1695681775395 0.0001 451
1695681775435 0.0001 452
1695681775473 0.0001 453
1695681775513 0.0001 454
1695681775547 0.0001 455
1695681775582 0.0001 456
1695681780209 0.0001 457
1695681780250 0.0001 458
1695681780292 0.0001 459
1695681780331 0.0001 460
1695681780371 0.0001 461
1695681780413 0.0001 462
1695681780455 0.0001 463
1695681780499 0.0001 464
1695681780542 0.0001 465
1695681780586 0.0001 466
1695681780623 0.0001 467
1695681780660 0.0001 468
1695681785213 0.0001 469
1695681785255 0.0001 470
1695681785296 0.0001 471
1695681785336 0.0001 472
1695681785376 0.0001 473
1695681785415 0.0001 474
1695681785456 0.0001 475
1695681785497 0.0001 476
1695681785538 0.0001 477
1695681785580 0.0001 478
1695681785615 0.0001 479
1695681785651 0.0001 480
1695681790252 0.0001 481
1695681790292 0.0001 482
1695681790332 0.0001 483
1695681790372 0.0001 484
1695681790411 0.0001 485
1695681790450 0.0001 486
1695681790489 0.0001 487
1695681790529 0.0001 488
1695681790569 0.0001 489
1695681790609 0.0001 490
1695681790644 0.0001 491
1695681790680 0.0001 492
1695681795223 0.0001 493
1695681795262 0.0001 494
1695681795302 0.0001 495
1695681795341 0.0001 496
1695681795380 0.0001 497
1695681795419 0.0001 498
1695681795457 0.0001 499
1695681795496 0.0001 500
1695681795534 0.0001 501
1695681795573 0.0001 502
1695681795607 0.0001 503
1695681795642 0.0001 504
1695681800229 0.0001 505
1695681800269 0.0001 506
1695681800308 0.0001 507
1695681800349 0.0001 508
1695681800389 0.0001 509
1695681800428 0.0001 510
1695681800466 0.0001 511
1695681800505 0.0001 512
1695681800545 0.0001 513
1695681800585 0.0001 514
1695681800619 0.0001 515
1695681800653 0.0001 516
1695681805176 0.0001 517
1695681805218 0.0001 518
1695681805261 0.0001 519
1695681805305 0.0001 520
1695681805346 0.0001 521
1695681805386 0.0001 522
1695681805423 0.0001 523
1695681805462 0.0001 524
1695681805501 0.0001 525
1695681805540 0.0001 526
1695681805575 0.0001 527
1695681805610 0.0001 528
1695681810126 0.0001 529
1695681810170 0.0001 530
1695681810210 0.0001 531
1695681810249 0.0001 532
1695681810288 0.0001 533
1695681810328 0.0001 534
1695681810367 0.0001 535
1695681810409 0.0001 536
1695681810451 0.0001 537
1695681810494 0.0001 538
1695681810529 0.0001 539
1695681810562 0.0001 540
1695681815097 0.0001 541
1695681815136 0.0001 542
1695681815175 0.0001 543
1695681815215 0.0001 544
1695681815254 0.0001 545
1695681815293 0.0001 546
1695681815332 0.0001 547
1695681815372 0.0001 548
1695681815412 0.0001 549
1695681815451 0.0001 550
1695681815486 0.0001 551
1695681815520 0.0001 552
1695681820084 0.0001 553
1695681820127 0.0001 554
1695681820170 0.0001 555
1695681820213 0.0001 556
1695681820257 0.0001 557
1695681820300 0.0001 558
1695681820342 0.0001 559
1695681820383 0.0001 560
1695681820425 0.0001 561
1695681820466 0.0001 562
1695681820501 0.0001 563
1695681820534 0.0001 564
1695681825044 0.0001 565
1695681825084 0.0001 566
1695681825123 0.0001 567
1695681825162 0.0001 568
1695681825203 0.0001 569
1695681825244 0.0001 570
1695681825284 0.0001 571
1695681825325 0.0001 572
1695681825368 0.0001 573
1695681825411 0.0001 574
1695681825445 0.0001 575
1695681825479 0.0001 576
1695681830003 0.0001 577
1695681830043 0.0001 578
1695681830081 0.0001 579
1695681830121 0.0001 580
1695681830161 0.0001 581
1695681830199 0.0001 582
1695681830238 0.0001 583
1695681830276 0.0001 584
1695681830314 0.0001 585
1695681830353 0.0001 586
1695681830389 0.0001 587
1695681830423 0.0001 588
1695681834997 0.0001 589
1695681835038 0.0001 590
1695681835077 0.0001 591
1695681835117 0.0001 592
1695681835159 0.0001 593
1695681835198 0.0001 594
1695681835238 0.0001 595
1695681835279 0.0001 596
1695681835319 0.0001 597
1695681835358 0.0001 598
1695681835392 0.0001 599
1695681835425 0.0001 600
1695681839954 0.0001 601
1695681839996 0.0001 602
1695681840039 0.0001 603
1695681840080 0.0001 604
1695681840121 0.0001 605
1695681840161 0.0001 606
1695681840200 0.0001 607
1695681840240 0.0001 608
1695681840279 0.0001 609
1695681840319 0.0001 610
1695681840354 0.0001 611
1695681840388 0.0001 612
1695681845099 0.0001 613
1695681845139 0.0001 614
1695681845179 0.0001 615
1695681845220 0.0001 616
1695681845262 0.0001 617
1695681845301 0.0001 618
1695681845342 0.0001 619
1695681845383 0.0001 620
1695681845423 0.0001 621
1695681845462 0.0001 622
1695681845497 0.0001 623
1695681845531 0.0001 624
1695681850067 0.0001 625
1695681850107 0.0001 626
1695681850148 0.0001 627
1695681850189 0.0001 628
1695681850229 0.0001 629
1695681850269 0.0001 630
1695681850308 0.0001 631
1695681850346 0.0001 632
1695681850385 0.0001 633
1695681850424 0.0001 634
1695681850459 0.0001 635
1695681850493 0.0001 636
1695681855032 0.0001 637
1695681855072 0.0001 638
1695681855112 0.0001 639
1695681855152 0.0001 640
1695681855192 0.0001 641
1695681855233 0.0001 642
1695681855273 0.0001 643
1695681855315 0.0001 644
1695681855355 0.0001 645
1695681855394 0.0001 646
1695681855429 0.0001 647
1695681855463 0.0001 648
1695681859991 0.0001 649
1695681860032 0.0001 650
1695681860073 0.0001 651
1695681860117 0.0001 652
1695681860163 0.0001 653
1695681860209 0.0001 654
1695681860254 0.0001 655
1695681860296 0.0001 656
1695681860338 0.0001 657
1695681860379 0.0001 658
1695681860415 0.0001 659
1695681860450 0.0001 660
1695681864988 0.0001 661
1695681865028 0.0001 662
1695681865068 0.0001 663
1695681865107 0.0001 664
1695681865147 0.0001 665
1695681865187 0.0001 666
1695681865227 0.0001 667
1695681865267 0.0001 668
1695681865309 0.0001 669
1695681865351 0.0001 670
1695681865386 0.0001 671
1695681865421 0.0001 672
1695681869971 0.0001 673
1695681870012 0.0001 674
1695681870053 0.0001 675
1695681870094 0.0001 676
1695681870135 0.0001 677
1695681870176 0.0001 678
1695681870216 0.0001 679
1695681870257 0.0001 680
1695681870298 0.0001 681
1695681870338 0.0001 682
1695681870373 0.0001 683
1695681870408 0.0001 684
1695681874949 0.0001 685
1695681874990 0.0001 686
1695681875032 0.0001 687
1695681875076 0.0001 688
1695681875119 0.0001 689
1695681875164 0.0001 690
1695681875208 0.0001 691
1695681875252 0.0001 692
1695681875296 0.0001 693
1695681875340 0.0001 694
1695681875376 0.0001 695
1695681875410 0.0001 696
1695681879970 0.0001 697
1695681880009 0.0001 698
1695681880048 0.0001 699
1695681880086 0.0001 700
1695681880126 0.0001 701
1695681880168 0.0001 702
1695681880209 0.0001 703
1695681880250 0.0001 704
1695681880291 0.0001 705
1695681880333 0.0001 706
1695681880369 0.0001 707
1695681880404 0.0001 708
1695681884942 0.0001 709
1695681884982 0.0001 710
1695681885020 0.0001 711
1695681885059 0.0001 712
1695681885098 0.0001 713
1695681885136 0.0001 714
1695681885176 0.0001 715
1695681885216 0.0001 716
1695681885257 0.0001 717
1695681885297 0.0001 718
1695681885333 0.0001 719
1695681885368 0.0001 720
1695681889985 0.0001 721
1695681890025 0.0001 722
1695681890066 0.0001 723
1695681890107 0.0001 724
1695681890146 0.0001 725
1695681890186 0.0001 726
1695681890226 0.0001 727
1695681890265 0.0001 728
1695681890304 0.0001 729
1695681890342 0.0001 730
1695681890377 0.0001 731
1695681890410 0.0001 732
1695681894917 0.0001 733
1695681894957 0.0001 734
1695681894996 0.0001 735
1695681895035 0.0001 736
1695681895074 0.0001 737
1695681895112 0.0001 738
1695681895150 0.0001 739
1695681895189 0.0001 740
1695681895228 0.0001 741
1695681895267 0.0001 742
1695681895301 0.0001 743
1695681895335 0.0001 744
1695681899876 0.0001 745
1695681899916 0.0001 746
1695681899956 0.0001 747
1695681899999 0.0001 748
1695681900048 0.0001 749
1695681900089 0.0001 750
1695681900128 0.0001 751
1695681900167 0.0001 752
1695681900209 0.0001 753
1695681900251 0.0001 754
1695681900287 0.0001 755
1695681900322 0.0001 756
1695681904921 0.0001 757
1695681904961 0.0001 758
1695681905000 0.0001 759
1695681905040 0.0001 760
1695681905079 0.0001 761
1695681905119 0.0001 762
1695681905158 0.0001 763
1695681905197 0.0001 764
1695681905236 0.0001 765
1695681905275 0.0001 766
1695681905310 0.0001 767
1695681905345 0.0001 768
1695681909890 0.0001 769
1695681909931 0.0001 770
1695681909971 0.0001 771
1695681910010 0.0001 772
1695681910049 0.0001 773
1695681910087 0.0001 774
1695681910127 0.0001 775
1695681910168 0.0001 776
1695681910209 0.0001 777
1695681910250 0.0001 778
1695681910285 0.0001 779
1695681910319 0.0001 780
1695681914999 0.0001 781
1695681915043 0.0001 782
1695681915084 0.0001 783
1695681915125 0.0001 784
1695681915167 0.0001 785
1695681915206 0.0001 786
1695681915248 0.0001 787
1695681915290 0.0001 788
1695681915332 0.0001 789
1695681915373 0.0001 790
1695681915411 0.0001 791
1695681915446 0.0001 792
1695681920000 0.0001 793
1695681920039 0.0001 794
1695681920078 0.0001 795
1695681920118 0.0001 796
1695681920157 0.0001 797
1695681920196 0.0001 798
1695681920234 0.0001 799
1695681920274 0.0001 800
1695681920315 0.0001 801
1695681920355 0.0001 802
1695681920390 0.0001 803
1695681920423 0.0001 804
1695681924984 0.0001 805
1695681925023 0.0001 806
1695681925062 0.0001 807
1695681925101 0.0001 808
1695681925141 0.0001 809
1695681925180 0.0001 810
1695681925219 0.0001 811
1695681925259 0.0001 812
1695681925299 0.0001 813
1695681925338 0.0001 814
1695681925374 0.0001 815
1695681925408 0.0001 816
1695681929969 0.0001 817
1695681930011 0.0001 818
1695681930052 0.0001 819
1695681930092 0.0001 820
1695681930133 0.0001 821
1695681930173 0.0001 822
1695681930213 0.0001 823
1695681930254 0.0001 824
1695681930294 0.0001 825
1695681930334 0.0001 826
1695681930369 0.0001 827
1695681930405 0.0001 828
1695681934966 0.0001 829
1695681935006 0.0001 830
1695681935047 0.0001 831
1695681935088 0.0001 832
1695681935127 0.0001 833
1695681935166 0.0001 834
1695681935205 0.0001 835
1695681935245 0.0001 836
1695681935288 0.0001 837
1695681935333 0.0001 838
1695681935368 0.0001 839
1695681935401 0.0001 840
1695681939986 0.0001 841
1695681940027 0.0001 842
1695681940066 0.0001 843
1695681940106 0.0001 844
1695681940154 0.0001 845
1695681940199 0.0001 846
1695681940245 0.0001 847
1695681940290 0.0001 848
1695681940334 0.0001 849
1695681940377 0.0001 850
1695681940413 0.0001 851
1695681940448 0.0001 852
1695681945248 0.0001 853
1695681945289 0.0001 854
1695681945329 0.0001 855
1695681945369 0.0001 856
1695681945409 0.0001 857
1695681945448 0.0001 858
1695681945487 0.0001 859
1695681945526 0.0001 860
1695681945566 0.0001 861
1695681945605 0.0001 862
1695681945639 0.0001 863
1695681945672 0.0001 864
1695681950208 0.0001 865
1695681950248 0.0001 866
1695681950287 0.0001 867
1695681950331 0.0001 868
1695681950375 0.0001 869
1695681950418 0.0001 870
1695681950461 0.0001 871
1695681950505 0.0001 872
1695681950549 0.0001 873
1695681950592 0.0001 874
1695681950626 0.0001 875
1695681950661 0.0001 876
1695681955210 0.0001 877
1695681955252 0.0001 878
1695681955291 0.0001 879
1695681955331 0.0001 880
1695681955370 0.0001 881
1695681955409 0.0001 882
1695681955447 0.0001 883
1695681955485 0.0001 884
1695681955524 0.0001 885
1695681955564 0.0001 886
1695681955601 0.0001 887
1695681955637 0.0001 888
1695681960221 0.0001 889
1695681960261 0.0001 890
1695681960301 0.0001 891
1695681960340 0.0001 892
1695681960379 0.0001 893
1695681960419 0.0001 894
1695681960459 0.0001 895
1695681960499 0.0001 896
1695681960539 0.0001 897
1695681960579 0.0001 898
1695681960615 0.0001 899
1695681960648 0.0001 900
1695681965191 0.0001 901
1695681965232 0.0001 902
1695681965272 0.0001 903
1695681965311 0.0001 904
1695681965350 0.0001 905
1695681965389 0.0001 906
1695681965427 0.0001 907
1695681965467 0.0001 908
1695681965507 0.0001 909
1695681965546 0.0001 910
1695681965581 0.0001 911
1695681965616 0.0001 912
1695681970190 0.0001 913
1695681970230 0.0001 914
1695681970269 0.0001 915
1695681970309 0.0001 916
1695681970348 0.0001 917
1695681970387 0.0001 918
1695681970427 0.0001 919
1695681970467 0.0001 920
1695681970507 0.0001 921
1695681970546 0.0001 922
1695681970580 0.0001 923
1695681970613 0.0001 924
1695681975170 0.0001 925
1695681975210 0.0001 926
1695681975251 0.0001 927
1695681975291 0.0001 928
1695681975330 0.0001 929
1695681975369 0.0001 930
1695681975409 0.0001 931
1695681975449 0.0001 932
1695681975490 0.0001 933
1695681975532 0.0001 934
1695681975567 0.0001 935
1695681975602 0.0001 936
1695681980155 0.0001 937
1695681980195 0.0001 938
1695681980234 0.0001 939
1695681980273 0.0001 940
1695681980312 0.0001 941
1695681980351 0.0001 942
1695681980390 0.0001 943
1695681980428 0.0001 944
1695681980468 0.0001 945
1695681980507 0.0001 946
1695681980541 0.0001 947
1695681980575 0.0001 948
1695681985138 0.0001 949
1695681985180 0.0001 950
1695681985221 0.0001 951
1695681985261 0.0001 952
1695681985300 0.0001 953
1695681985339 0.0001 954
1695681985378 0.0001 955
1695681985417 0.0001 956
1695681985455 0.0001 957
1695681985493 0.0001 958
1695681985527 0.0001 959
1695681985561 0.0001 960
1695681990189 0.0001 961
1695681990229 0.0001 962
1695681990270 0.0001 963
1695681990310 0.0001 964
1695681990351 0.0001 965
1695681990390 0.0001 966
1695681990432 0.0001 967
1695681990471 0.0001 968
1695681990511 0.0001 969
1695681990551 0.0001 970
1695681990587 0.0001 971
1695681990623 0.0001 972
1695681995192 0.0001 973
1695681995234 0.0001 974
1695681995275 0.0001 975
1695681995316 0.0001 976
1695681995356 0.0001 977
1695681995397 0.0001 978
1695681995436 0.0001 979
1695681995474 0.0001 980
1695681995513 0.0001 981
1695681995554 0.0001 982
1695681995591 0.0001 983
1695681995627 0.0001 984
1695682000233 0.0001 985
1695682000273 0.0001 986
1695682000313 0.0001 987
1695682000353 0.0001 988
1695682000392 0.0001 989
1695682000431 0.0001 990
1695682000470 0.0001 991
1695682000509 0.0001 992
1695682000548 0.0001 993
1695682000588 0.0001 994
1695682000622 0.0001 995
1695682000655 0.0001 996
1695682005214 0.0001 997
1695682005256 0.0001 998
1695682005298 0.0001 999
1695682005340 0.0001 1000
1695682005381 0.0001 1001
1695682005422 0.0001 1002
1695682005464 0.0001 1003
1695682005505 0.0001 1004
1695682005544 0.0001 1005
1695682005584 0.0001 1006
1695682005618 0.0001 1007
1695682005652 0.0001 1008
1695682010223 0.0001 1009
1695682010264 0.0001 1010
1695682010304 0.0001 1011
1695682010343 0.0001 1012
1695682010382 0.0001 1013
1695682010422 0.0001 1014
1695682010461 0.0001 1015
1695682010502 0.0001 1016
1695682010541 0.0001 1017
1695682010580 0.0001 1018
1695682010614 0.0001 1019
1695682010649 0.0001 1020
1695682015223 0.0001 1021
1695682015263 0.0001 1022
1695682015304 0.0001 1023
1695682015345 0.0001 1024
1695682015384 0.0001 1025
1695682015424 0.0001 1026
1695682015465 0.0001 1027
1695682015505 0.0001 1028
1695682015543 0.0001 1029
1695682015586 0.0001 1030
1695682015621 0.0001 1031
1695682015657 0.0001 1032
1695682020269 0.0001 1033
1695682020314 0.0001 1034
1695682020355 0.0001 1035
1695682020398 0.0001 1036
1695682020441 0.0001 1037
1695682020488 0.0001 1038
1695682020533 0.0001 1039
1695682020578 0.0001 1040
1695682020620 0.0001 1041
1695682020661 0.0001 1042
1695682020697 0.0001 1043
1695682020733 0.0001 1044
1695682025495 0.0001 1045
1695682025536 0.0001 1046
1695682025576 0.0001 1047
1695682025620 0.0001 1048
1695682025663 0.0001 1049
1695682025708 0.0001 1050
1695682025753 0.0001 1051
1695682025796 0.0001 1052
1695682025836 0.0001 1053
1695682025875 0.0001 1054
1695682025912 0.0001 1055
1695682025946 0.0001 1056
1695682030506 0.0001 1057
1695682030546 0.0001 1058
1695682030587 0.0001 1059
1695682030625 0.0001 1060
1695682030665 0.0001 1061
1695682030705 0.0001 1062
1695682030745 0.0001 1063
1695682030785 0.0001 1064
1695682030826 0.0001 1065
1695682030866 0.0001 1066
1695682030902 0.0001 1067
1695682030937 0.0001 1068
1695682035495 0.0001 1069
1695682035536 0.0001 1070
1695682035575 0.0001 1071
1695682035616 0.0001 1072
1695682035657 0.0001 1073
1695682035698 0.0001 1074
1695682035738 0.0001 1075
1695682035777 0.0001 1076
1695682035818 0.0001 1077
1695682035859 0.0001 1078
1695682035895 0.0001 1079
1695682035931 0.0001 1080
1695682040531 0.0001 1081
1695682040571 0.0001 1082
1695682040609 0.0001 1083
1695682040648 0.0001 1084
1695682040686 0.0001 1085
1695682040724 0.0001 1086
1695682040762 0.0001 1087
1695682040800 0.0001 1088
1695682040838 0.0001 1089
1695682040876 0.0001 1090
1695682040910 0.0001 1091
1695682040944 0.0001 1092
1695682045516 0.0001 1093
1695682045557 0.0001 1094
1695682045597 0.0001 1095
1695682045637 0.0001 1096
1695682045677 0.0001 1097
1695682045717 0.0001 1098
1695682045757 0.0001 1099
1695682045797 0.0001 1100
1695682045837 0.0001 1101
1695682045880 0.0001 1102
1695682045916 0.0001 1103
1695682045951 0.0001 1104
1695682050512 0.0001 1105
1695682050553 0.0001 1106
1695682050592 0.0001 1107
1695682050632 0.0001 1108
1695682050673 0.0001 1109
1695682050713 0.0001 1110
1695682050753 0.0001 1111
1695682050793 0.0001 1112
1695682050834 0.0001 1113
1695682050873 0.0001 1114
1695682050909 0.0001 1115
1695682050945 0.0001 1116
1695682055511 0.0001 1117
1695682055551 0.0001 1118
1695682055590 0.0001 1119
1695682055628 0.0001 1120
1695682055667 0.0001 1121
1695682055706 0.0001 1122
1695682055745 0.0001 1123
1695682055783 0.0001 1124
1695682055822 0.0001 1125
1695682055861 0.0001 1126
1695682055896 0.0001 1127
1695682055932 0.0001 1128
1695682060527 0.0001 1129
1695682060567 0.0001 1130
1695682060608 0.0001 1131
1695682060647 0.0001 1132
1695682060686 0.0001 1133
1695682060725 0.0001 1134
1695682060764 0.0001 1135
1695682060803 0.0001 1136
1695682060842 0.0001 1137
1695682060881 0.0001 1138
1695682060917 0.0001 1139
1695682060951 0.0001 1140
1695682065527 0.0001 1141
1695682065568 0.0001 1142
1695682065608 0.0001 1143
1695682065648 0.0001 1144
1695682065687 0.0001 1145
1695682065727 0.0001 1146
1695682065766 0.0001 1147
1695682065806 0.0001 1148
1695682065846 0.0001 1149
1695682065885 0.0001 1150
1695682065921 0.0001 1151
1695682065955 0.0001 1152
1695682070529 0.0001 1153
1695682070569 0.0001 1154
1695682070609 0.0001 1155
1695682070649 0.0001 1156
1695682070688 0.0001 1157
1695682070726 0.0001 1158
1695682070766 0.0001 1159
1695682070806 0.0001 1160
1695682070845 0.0001 1161
1695682070885 0.0001 1162
1695682070921 0.0001 1163
1695682070956 0.0001 1164
1695682075524 0.0001 1165
1695682075563 0.0001 1166
1695682075602 0.0001 1167
1695682075641 0.0001 1168
1695682075681 0.0001 1169
1695682075721 0.0001 1170
1695682075762 0.0001 1171
1695682075803 0.0001 1172
1695682075843 0.0001 1173
1695682075884 0.0001 1174
1695682075919 0.0001 1175
1695682075952 0.0001 1176
1695682080562 0.0001 1177
1695682080602 0.0001 1178
1695682080642 0.0001 1179
1695682080682 0.0001 1180
1695682080723 0.0001 1181
1695682080764 0.0001 1182
1695682080805 0.0001 1183
1695682080845 0.0001 1184
1695682080885 0.0001 1185
1695682080923 0.0001 1186
1695682080958 0.0001 1187
1695682080992 0.0001 1188
1695682085562 0.0001 1189
1695682085603 0.0001 1190
1695682085643 0.0001 1191
1695682085683 0.0001 1192
1695682085723 0.0001 1193
1695682085762 0.0001 1194
1695682085801 0.0001 1195
1695682085841 0.0001 1196
1695682085882 0.0001 1197
1695682085923 0.0001 1198
1695682085958 0.0001 1199
1695682085991 0.0001 1200
