1695681591591 0.4235512316226959 1
1695681596806 0.4731767773628235 2
1695681601942 0.7588798999786377 3
1695681607025 0.5730021595954895 4
1695681612096 0.5120226740837097 5
1695681617059 0.6625139713287354 6
1695681621954 0.5208836197853088 7
1695681626860 0.5764819383621216 8
1695681631759 0.6388881802558899 9
1695681636697 0.4611712396144867 10
1695681641772 0.654287576675415 11
1695681646677 0.5579696893692017 12
1695681651609 0.5680873394012451 13
1695681656568 0.7694908976554871 14
1695681661551 0.6278004050254822 15
1695681666495 0.5420319437980652 16
1695681671439 0.4651286005973816 17
1695681676409 0.7545881271362305 18
1695681681344 0.7333338856697083 19
1695681686304 0.5583970546722412 20
1695681691324 0.5599716901779175 21
1695681696253 0.22657327353954315 22
1695681701189 0.4786188304424286 23
1695681706103 0.5524673461914062 24
1695681711093 0.5131652355194092 25
1695681716051 0.7002258896827698 26
1695681721019 0.596825897693634 27
1695681725947 0.4072827696800232 28
1695681730876 0.4409492015838623 29
1695681735796 0.4596603512763977 30
1695681740781 0.5739152431488037 31
1695681745715 0.596875786781311 32
1695681750834 0.4748202860355377 33
1695681755792 0.699030339717865 34
1695681760741 0.661006510257721 35
1695681765710 0.5259485840797424 36
1695681770660 0.32312825322151184 37
1695681775584 0.611304521560669 38
1695681780662 0.3635622262954712 39
1695681785655 0.5107423663139343 40
1695681790683 0.5626349449157715 41
1695681795645 0.7853176593780518 42
1695681800655 0.4506050646305084 43
1695681805612 0.6452682614326477 44
1695681810565 0.7074915170669556 45
1695681815523 0.5170333385467529 46
1695681820537 0.20928703248500824 47
1695681825481 0.6922470331192017 48
1695681830426 0.43196702003479004 49
1695681835428 0.2269488126039505 50
1695681840391 0.3118686079978943 51
1695681845533 0.4073241055011749 52
1695681850495 0.5966007709503174 53
1695681855465 0.05936288833618164 54
1695681860453 0.6297546625137329 55
1695681865424 0.6051981449127197 56
1695681870411 0.6859812140464783 57
1695681875412 0.43135467171669006 58
1695681880407 0.6705252528190613 59
1695681885371 0.546118438243866 60
1695681890412 0.648040771484375 61
1695681895338 0.5318779349327087 62
1695681900325 0.8443276882171631 63
1695681905347 0.4050910472869873 64
1695681910322 0.5645369291305542 65
1695681915449 0.622048556804657 66
1695681920425 0.5883070826530457 67
1695681925410 0.6484965682029724 68
1695681930407 0.7006087899208069 69
1695681935404 0.6256424188613892 70
1695681940451 0.8489155173301697 71
1695681945675 0.430589884519577 72
1695681950663 0.569654643535614 73
1695681955639 0.624290406703949 74
1695681960651 0.2937224805355072 75
1695681965618 0.5864668488502502 76
1695681970616 0.4663345217704773 77
1695681975605 0.7055156230926514 78
1695681980577 0.724945604801178 79
1695681985564 0.5671287178993225 80
1695681990625 0.6800710558891296 81
1695681995629 0.44799256324768066 82
1695682000658 0.5600810050964355 83
1695682005655 0.675601601600647 84
1695682010651 0.5425633788108826 85
1695682015660 0.5722544193267822 86
1695682020736 0.49750933051109314 87
1695682025949 0.7157758474349976 88
1695682030940 0.6453417539596558 89
1695682035933 0.3410590887069702 90
1695682040946 0.5975067615509033 91
1695682045954 0.6298699975013733 92
1695682050947 0.4654169976711273 93
1695682055935 0.5270498394966125 94
1695682060954 0.39948898553848267 95
1695682065957 0.6652348041534424 96
1695682070958 0.6424998641014099 97
1695682075955 0.5195451378822327 98
1695682080995 0.5318880677223206 99
1695682085994 0.6080425381660461 100
