1695680950315 0.4581650197505951 1
1695680950356 0.36044615507125854 2
1695680950396 0.5191388130187988 3
1695680950435 0.5123931765556335 4
1695680950474 0.5208985805511475 5
1695680950513 0.3937918543815613 6
1695680950553 0.29954439401626587 7
1695680950593 0.28390902280807495 8
1695680950633 0.46386754512786865 9
1695680950668 0.23375193774700165 10
1695680950705 0.12326213717460632 11
1695680955355 0.5184141993522644 12
1695680955394 0.5184500217437744 13
1695680955435 0.5272741913795471 14
1695680955477 0.24462337791919708 15
1695680955519 0.5198608636856079 16
1695680955559 0.515489935874939 17
1695680955600 0.5136286616325378 18
1695680955640 0.5163620114326477 19
1695680955681 0.5212211608886719 20
1695680955716 0.4532186686992645 21
1695680955752 0.3770979046821594 22
1695680960264 0.3605577349662781 23
1695680960302 0.5115554928779602 24
1695680960340 0.5186495780944824 25
1695680960379 0.2773590683937073 26
1695680960417 0.5157442688941956 27
1695680960455 0.11171312630176544 28
1695680960493 0.36356160044670105 29
1695680960532 0.5132908821105957 30
1695680960571 0.5160982608795166 31
1695680960604 0.5132262110710144 32
1695680960636 0.40892207622528076 33
1695680965207 0.520048975944519 34
1695680965248 0.5113177299499512 35
1695680965287 0.5165421962738037 36
1695680965325 0.5376569032669067 37
1695680965363 0.5144366025924683 38
1695680965401 0.5265762805938721 39
1695680965439 0.11946145445108414 40
1695680965478 0.5117127299308777 41
1695680965520 0.1705475002527237 42
1695680965556 0.43043971061706543 43
1695680965590 0.5262680649757385 44
1695680970155 0.5177258253097534 45
1695680970193 0.5144121646881104 46
1695680970230 2.7307729721069336 47
1695680970270 2.2255985736846924 48
1695680970310 0.25085216760635376 49
1695680970350 0.23498022556304932 50
1695680970390 0.5118152499198914 51
1695680970433 0.2543584704399109 52
1695680970472 0.5335726141929626 53
1695680970506 0.267034649848938 54
1695680970542 0.5693809986114502 55
1695680975082 0.1537269800901413 56
1695680975127 0.1288159042596817 57
1695680975167 0.5246296525001526 58
1695680975206 0.788132905960083 59
1695680975246 0.5346236228942871 60
1695680975286 0.6076211929321289 61
1695680975325 0.5422897934913635 62
1695680975365 0.5315118432044983 63
1695680975404 0.5432934761047363 64
1695680975438 0.5108654499053955 65
1695680975471 0.5484743118286133 66
1695680980000 0.24051573872566223 67
1695680980042 0.3535933792591095 68
1695680980082 0.21924448013305664 69
1695680980126 0.5401414036750793 70
1695680980165 0.5222583413124084 71
1695680980204 0.11892841756343842 72
1695680980244 0.5559782981872559 73
1695680980283 0.5370593070983887 74
1695680980323 0.6294092535972595 75
1695680980357 0.5154284834861755 76
1695680980392 0.5112115144729614 77
1695680984954 0.12761178612709045 78
1695680984998 0.5109274983406067 79
1695680985041 2.1056041717529297 80
1695680985086 0.5135657787322998 81
1695680985130 0.3888777792453766 82
1695680985174 0.35092541575431824 83
1695680985217 0.5842694640159607 84
1695680985261 0.5346068143844604 85
1695680985302 0.5221126079559326 86
1695680985336 0.5268808007240295 87
1695680985369 0.5116803050041199 88
1695680989886 0.5263835787773132 89
1695680989924 0.5117136240005493 90
1695680989963 0.5161446928977966 91
1695680990003 0.5248265862464905 92
1695680990044 0.6122718453407288 93
1695680990083 0.5526621341705322 94
1695680990123 0.5143287181854248 95
1695680990160 0.5299846529960632 96
1695680990199 0.4747551381587982 97
1695680990233 0.5102509260177612 98
1695680990269 0.3497737944126129 99
1695680994705 0.4784597158432007 100
1695680994745 0.5184943079948425 101
1695680994785 0.2846031188964844 102
1695680994826 0.18237164616584778 103
1695680994865 0.515982449054718 104
1695680994904 0.5199824571609497 105
1695680994944 0.5227140784263611 106
1695680994987 0.25813835859298706 107
1695680995030 0.4612317681312561 108
1695680995066 0.5240113139152527 109
1695680995101 0.5132298469543457 110
1695680999604 0.68377286195755 111
1695680999643 0.3559339940547943 112
1695680999682 0.5126591920852661 113
1695680999721 1.2141233682632446 114
1695680999760 0.2310686707496643 115
1695680999799 0.5143096446990967 116
1695680999839 0.1640176922082901 117
1695680999877 0.5264025926589966 118
1695680999917 0.5121878981590271 119
1695680999952 0.5757144093513489 120
1695680999986 0.5644993185997009 121
1695681004411 0.4746502935886383 122
1695681004449 0.5206006169319153 123
1695681004486 0.6021630167961121 124
1695681004525 0.17332102358341217 125
1695681004565 0.3426419198513031 126
1695681004603 0.514607846736908 127
1695681004643 0.672424852848053 128
1695681004682 0.5168642997741699 129
1695681004720 0.5200729370117188 130
1695681004754 0.4123392701148987 131
1695681004787 0.5140869617462158 132
1695681009386 0.5268679857254028 133
1695681009426 0.5200453400611877 134
1695681009465 0.5163516402244568 135
1695681009504 0.5199663043022156 136
1695681009545 0.5140575766563416 137
1695681009583 0.48957327008247375 138
1695681009620 0.5112950801849365 139
1695681009659 0.365873247385025 140
1695681009697 0.5230588912963867 141
1695681009731 0.5167980790138245 142
1695681009765 0.5131369233131409 143
1695681014206 0.16981790959835052 144
1695681014249 0.17593830823898315 145
1695681014291 0.5181529521942139 146
1695681014332 0.0868210718035698 147
1695681014372 0.5191694498062134 148
1695681014413 0.16537711024284363 149
1695681014452 0.5133365988731384 150
1695681014493 0.6135067939758301 151
1695681014532 0.20184263586997986 152
1695681014566 0.5177550911903381 153
1695681014601 0.5204699039459229 154
1695681019129 0.5189331769943237 155
1695681019168 0.5189292430877686 156
1695681019208 0.512493371963501 157
1695681019248 0.5262713432312012 158
1695681019286 0.5121923089027405 159
1695681019324 0.23459254205226898 160
1695681019363 0.24831168353557587 161
1695681019402 1.0597662925720215 162
1695681019439 0.5219350457191467 163
1695681019472 0.5155073404312134 164
1695681019506 0.44234663248062134 165
1695681023981 0.50987309217453 166
1695681024021 0.7057868242263794 167
1695681024062 0.1725868582725525 168
1695681024105 0.6006779670715332 169
1695681024146 0.5153351426124573 170
1695681024186 0.5105352401733398 171
1695681024226 0.5224152207374573 172
1695681024265 0.5190573930740356 173
1695681024305 0.2452384978532791 174
1695681024340 0.12611278891563416 175
1695681024373 0.5126442313194275 176
1695681028926 0.5270355343818665 177
1695681028965 0.28440460562705994 178
1695681029005 0.3742760419845581 179
1695681029044 0.1970198154449463 180
1695681029083 0.4879398047924042 181
1695681029122 0.5176551342010498 182
1695681029161 0.21400819718837738 183
1695681029199 0.5121651887893677 184
1695681029240 0.19583171606063843 185
1695681029273 0.5170784592628479 186
1695681029307 0.6715567111968994 187
1695681033802 0.5975054502487183 188
1695681033842 0.5145787596702576 189
1695681033883 0.11842314898967743 190
1695681033923 0.5353771448135376 191
1695681033962 0.2807241678237915 192
1695681034002 0.5217297673225403 193
1695681034041 0.5449944138526917 194
1695681034080 0.22197498381137848 195
1695681034119 0.2516544461250305 196
1695681034154 0.1545196771621704 197
1695681034187 0.5434545278549194 198
1695681038670 0.22791211307048798 199
1695681038709 0.5254148840904236 200
1695681038748 0.6305019855499268 201
1695681038787 0.5404968857765198 202
1695681038826 0.5194656252861023 203
1695681038865 0.6119505167007446 204
1695681038904 0.5186672210693359 205
1695681038943 0.5297486186027527 206
1695681038981 0.5267388224601746 207
1695681039014 0.5174069404602051 208
1695681039049 0.14150366187095642 209
1695681043525 0.5537216663360596 210
1695681043564 0.5093083381652832 211
1695681043603 0.24568434059619904 212
1695681043646 0.05589379370212555 213
1695681043688 0.4391552209854126 214
1695681043728 0.5178874731063843 215
1695681043767 0.5167843699455261 216
1695681043808 0.18872079253196716 217
1695681043847 0.5115313529968262 218
1695681043883 0.4581530690193176 219
1695681043918 0.1054796501994133 220
1695681048506 0.2437310516834259 221
1695681048546 0.516934335231781 222
1695681048585 0.5178363919258118 223
1695681048624 0.5119420289993286 224
1695681048663 0.5534079670906067 225
1695681048703 0.9467337131500244 226
1695681048744 0.16428600251674652 227
1695681048784 0.46720027923583984 228
1695681048823 0.5605628490447998 229
1695681048858 0.47995248436927795 230
1695681048893 0.44330084323883057 231
1695681053382 0.34016087651252747 232
1695681053422 0.5304440259933472 233
1695681053461 0.172582745552063 234
1695681053501 0.44359511137008667 235
1695681053540 0.5143411159515381 236
1695681053579 0.2770324647426605 237
1695681053621 3.004593849182129 238
1695681053661 0.5541993379592896 239
1695681053700 0.5142149329185486 240
1695681053735 0.5359765291213989 241
1695681053769 0.6515607833862305 242
1695681058277 0.5227081775665283 243
1695681058317 0.5419117212295532 244
1695681058356 0.5265830755233765 245
1695681058396 0.5846347808837891 246
1695681058435 0.5589982867240906 247
1695681058473 0.10745050013065338 248
1695681058513 0.3386908769607544 249
1695681058551 0.5476624965667725 250
1695681058590 0.5227352976799011 251
1695681058625 0.5201401710510254 252
1695681058660 0.5100601315498352 253
1695681063159 0.5220927596092224 254
1695681063197 0.5172148942947388 255
1695681063238 0.5119866132736206 256
1695681063278 0.3408084809780121 257
1695681063317 0.694616436958313 258
1695681063356 0.5153315663337708 259
1695681063394 0.511642336845398 260
1695681063433 0.26487624645233154 261
1695681063471 0.4405449330806732 262
1695681063506 0.5177160501480103 263
1695681063542 0.14446136355400085 264
1695681068017 0.5133696794509888 265
1695681068057 0.6817232370376587 266
1695681068095 0.5201418399810791 267
1695681068135 0.5652467012405396 268
1695681068176 0.5173723101615906 269
1695681068215 0.3677724599838257 270
1695681068255 0.582007646560669 271
1695681068294 0.306140661239624 272
1695681068332 0.5493475794792175 273
1695681068368 0.26788973808288574 274
1695681068402 0.690026044845581 275
1695681072875 0.5372073650360107 276
1695681072914 0.5748574137687683 277
1695681072953 0.5111667513847351 278
1695681072992 0.5281476378440857 279
1695681073030 0.4809512794017792 280
1695681073069 0.6721001267433167 281
1695681073107 0.5251625776290894 282
1695681073145 0.16426189243793488 283
1695681073183 0.5212624669075012 284
1695681073217 0.7606951594352722 285
1695681073251 0.19788871705532074 286
1695681077713 0.5242630243301392 287
1695681077755 0.533569872379303 288
1695681077796 0.5123952031135559 289
1695681077838 0.4470067322254181 290
1695681077879 0.5219569802284241 291
1695681077921 0.5111280679702759 292
1695681077963 0.5407103896141052 293
1695681078006 0.2123260647058487 294
1695681078045 0.25909513235092163 295
1695681078079 0.5136162638664246 296
1695681078112 0.5189257264137268 297
1695681082591 0.518304169178009 298
1695681082633 0.5974683165550232 299
1695681082673 0.5172889828681946 300
1695681082712 0.5113859176635742 301
1695681082750 0.5190845727920532 302
1695681082789 0.5202232003211975 303
1695681082827 0.5263598561286926 304
1695681082867 0.4435105323791504 305
1695681082906 0.17061321437358856 306
1695681082940 0.5130157470703125 307
1695681082975 0.5409752130508423 308
1695681087425 0.5689182877540588 309
1695681087464 0.20169737935066223 310
1695681087503 0.5147793292999268 311
1695681087543 0.26979708671569824 312
1695681087582 0.10753102600574493 313
1695681087620 0.5160543918609619 314
1695681087660 0.14583463966846466 315
1695681087698 0.5634413361549377 316
1695681087737 0.5164377093315125 317
1695681087772 0.2552989721298218 318
1695681087806 0.5440200567245483 319
1695681092277 0.40605857968330383 320
1695681092320 0.0630556121468544 321
1695681092364 0.19044576585292816 322
1695681092404 0.3654426038265228 323
1695681092445 0.5064476132392883 324
1695681092491 0.06791706383228302 325
1695681092531 0.3392177224159241 326
1695681092575 0.3358139097690582 327
1695681092617 0.5133527517318726 328
1695681092652 0.33948227763175964 329
1695681092687 0.15940862894058228 330
1695681097152 0.510298490524292 331
1695681097191 0.14736545085906982 332
1695681097231 0.5175755023956299 333
1695681097271 0.512746274471283 334
1695681097311 0.4790083169937134 335
1695681097351 0.5162575244903564 336
1695681097389 0.6125852465629578 337
1695681097428 0.5109511613845825 338
1695681097466 0.6893103122711182 339
1695681097499 0.2899930775165558 340
1695681097532 0.5129455924034119 341
1695681101990 0.5151655673980713 342
1695681102028 0.5105664730072021 343
1695681102067 0.5195260643959045 344
1695681102108 0.47869405150413513 345
1695681102150 0.5120931267738342 346
1695681102189 0.5349647402763367 347
1695681102228 0.5244747400283813 348
1695681102266 0.6222700476646423 349
1695681102305 0.535276472568512 350
1695681102339 0.14688384532928467 351
1695681102373 0.5389022827148438 352
1695681106836 0.25535085797309875 353
1695681106878 0.5049867033958435 354
1695681106919 0.5132780075073242 355
1695681106962 0.514834463596344 356
1695681107002 0.5435291528701782 357
1695681107043 0.2910410761833191 358
1695681107085 0.13267798721790314 359
1695681107127 0.5106455683708191 360
1695681107169 0.523896336555481 361
1695681107205 0.18518655002117157 362
1695681107241 0.5354645252227783 363
1695681111742 0.5443422198295593 364
1695681111782 0.5084341168403625 365
1695681111821 0.5271053314208984 366
1695681111860 0.5097981095314026 367
1695681111899 0.516211211681366 368
1695681111939 0.4260847866535187 369
1695681111978 0.1862536519765854 370
1695681112017 0.5120343565940857 371
1695681112055 0.5121925473213196 372
1695681112089 0.5118257403373718 373
1695681112123 0.5082641839981079 374
1695681116714 0.5285398364067078 375
1695681116757 0.32949298620224 376
1695681116800 0.530186116695404 377
1695681116841 0.20567461848258972 378
1695681116882 0.5365723371505737 379
1695681116922 0.5216950178146362 380
1695681116962 0.5116556882858276 381
1695681117004 0.3023861050605774 382
1695681117045 0.5113334059715271 383
1695681117081 0.5119603276252747 384
1695681117118 0.18248409032821655 385
1695681121628 0.5140342712402344 386
1695681121668 0.10514223575592041 387
1695681121707 0.4878624677658081 388
1695681121747 0.5130211710929871 389
1695681121785 0.40369486808776855 390
1695681121825 0.28838270902633667 391
1695681121864 0.5092803239822388 392
1695681121905 0.5138882398605347 393
1695681121945 0.5275143384933472 394
1695681121981 0.9235831499099731 395
1695681122016 0.23306897282600403 396
1695681126515 0.514958381652832 397
1695681126556 0.24598118662834167 398
1695681126597 0.3391968607902527 399
1695681126636 0.5254116654396057 400
1695681126677 0.2716933786869049 401
1695681126716 0.5293088555335999 402
1695681126756 0.5632361769676208 403
1695681126794 0.31113797426223755 404
1695681126833 0.5144368410110474 405
1695681126867 0.12396960705518723 406
1695681126902 0.13526974618434906 407
1695681131402 0.533484160900116 408
1695681131442 0.6287043690681458 409
1695681131482 0.5192623734474182 410
1695681131522 0.23685060441493988 411
1695681131562 0.5617752075195312 412
1695681131601 0.5182784795761108 413
1695681131641 0.23440875113010406 414
1695681131681 0.31809741258621216 415
1695681131721 0.5293651819229126 416
1695681131755 0.5690193772315979 417
1695681131789 0.15994469821453094 418
1695681136463 0.30014434456825256 419
1695681136502 0.7230269908905029 420
1695681136541 0.5420131683349609 421
1695681136579 2.239356756210327 422
1695681136618 0.4681904911994934 423
1695681136657 0.5505688786506653 424
1695681136696 0.5253607630729675 425
1695681136736 0.3604031801223755 426
1695681136776 0.21296562254428864 427
1695681136811 0.38800498843193054 428
1695681136844 0.5506284832954407 429
1695681141345 0.5165640115737915 430
1695681141384 0.5530130863189697 431
1695681141423 0.5488768219947815 432
1695681141461 0.5182754397392273 433
1695681141500 0.5153108239173889 434
1695681141540 0.5114433765411377 435
1695681141579 0.5153493285179138 436
1695681141618 0.1740448772907257 437
1695681141656 0.3868885636329651 438
1695681141691 0.9408324956893921 439
1695681141724 0.5412381887435913 440
1695681146286 0.5370470881462097 441
1695681146327 0.4966878890991211 442
1695681146369 0.22188250720500946 443
1695681146407 1.5906070470809937 444
1695681146447 0.510410487651825 445
1695681146486 0.7253252267837524 446
1695681146525 0.5120359659194946 447
1695681146564 0.5399712324142456 448
1695681146604 0.4304267466068268 449
1695681146638 0.5141520500183105 450
1695681146672 0.5247611403465271 451
1695681151162 0.7254530191421509 452
1695681151204 0.14140471816062927 453
1695681151245 0.5616780519485474 454
1695681151285 0.5131847262382507 455
1695681151326 0.5574377775192261 456
1695681151366 0.5250201225280762 457
1695681151406 0.5107662081718445 458
1695681151446 0.4837210178375244 459
1695681151486 0.0923280268907547 460
1695681151522 0.5177080035209656 461
1695681151557 0.5146893858909607 462
1695681156038 0.5689540505409241 463
1695681156078 0.5124845504760742 464
1695681156130 0.5399741530418396 465
1695681156173 0.5126990675926208 466
1695681156215 0.5117930769920349 467
1695681156257 0.41499894857406616 468
1695681156300 0.24402038753032684 469
1695681156341 1.3205461502075195 470
1695681156386 0.39777711033821106 471
1695681156423 0.5102934241294861 472
1695681156458 0.5526300668716431 473
1695681160950 0.21585991978645325 474
1695681160990 1.1060795783996582 475
1695681161029 0.5142172574996948 476
1695681161067 0.5142554044723511 477
1695681161106 0.5227853655815125 478
1695681161145 0.462689071893692 479
1695681161183 0.526742160320282 480
1695681161222 0.5271826982498169 481
1695681161260 0.5359517335891724 482
1695681161294 0.7726519703865051 483
1695681161327 0.5374777317047119 484
1695681165814 0.5458945631980896 485
1695681165855 0.511762797832489 486
1695681165894 0.5397799015045166 487
1695681165933 0.521151065826416 488
1695681165973 0.5278483629226685 489
1695681166013 0.517918050289154 490
1695681166052 0.5200043320655823 491
1695681166090 0.5146962404251099 492
1695681166129 0.49718207120895386 493
1695681166163 0.6577035784721375 494
1695681166197 0.5111234188079834 495
1695681170683 0.5202246308326721 496
1695681170723 0.5327010154724121 497
1695681170762 0.5228550434112549 498
1695681170801 0.5255183577537537 499
1695681170840 0.6632719039916992 500
1695681170879 0.5210968852043152 501
1695681170917 0.5117676854133606 502
1695681170956 0.24356620013713837 503
1695681170995 0.16105984151363373 504
1695681171028 0.3151559829711914 505
1695681171062 0.5677964091300964 506
1695681175540 0.5102314352989197 507
1695681175580 0.5877369046211243 508
1695681175620 0.5572435855865479 509
1695681175660 0.415579617023468 510
1695681175701 0.09199589490890503 511
1695681175746 0.33233869075775146 512
1695681175787 1.0707643032073975 513
1695681175830 0.5197660326957703 514
1695681175873 0.534673810005188 515
1695681175909 0.49124690890312195 516
1695681175943 0.5484070777893066 517
1695681180462 0.5262997150421143 518
1695681180505 0.5479608178138733 519
1695681180545 0.30850279331207275 520
1695681180585 0.5476293563842773 521
1695681180626 0.09283891320228577 522
1695681180668 0.30279502272605896 523
1695681180708 0.5117979645729065 524
1695681180749 0.34558969736099243 525
1695681180789 0.5122822523117065 526
1695681180823 0.5144144296646118 527
1695681180859 0.5415470600128174 528
1695681185338 0.5384730696678162 529
1695681185379 0.8863048553466797 530
1695681185418 0.5204079747200012 531
1695681185456 0.5133188366889954 532
1695681185495 0.5121216773986816 533
1695681185534 0.5133330821990967 534
1695681185572 0.5329167246818542 535
1695681185611 0.2827128469944 536
1695681185650 0.5416743159294128 537
1695681185686 0.256868839263916 538
1695681185720 0.5555905699729919 539
1695681190225 0.5455488562583923 540
1695681190265 0.31916341185569763 541
1695681190305 0.12038647383451462 542
1695681190344 0.5244057774543762 543
1695681190385 0.7949419617652893 544
1695681190426 0.4469698965549469 545
1695681190466 0.1503835767507553 546
1695681190506 0.23169906437397003 547
1695681190546 0.5989006161689758 548
1695681190580 0.5710108280181885 549
1695681190614 0.6292498111724854 550
