1695680950317 0.0001 1
1695680950358 0.0001 2
1695680950398 0.0001 3
1695680950436 0.0001 4
1695680950476 0.0001 5
1695680950515 0.0001 6
1695680950555 0.0001 7
1695680950594 0.0001 8
1695680950634 0.0001 9
1695680950670 0.0001 10
1695680950706 0.0001 11
1695680955356 0.0001 12
1695680955396 0.0001 13
1695680955436 0.0001 14
1695680955479 0.0001 15
1695680955520 0.0001 16
1695680955561 0.0001 17
1695680955601 0.0001 18
1695680955642 0.0001 19
1695680955682 0.0001 20
1695680955718 0.0001 21
1695680955753 0.0001 22
1695680960265 0.0001 23
1695680960304 0.0001 24
1695680960342 0.0001 25
1695680960380 0.0001 26
1695680960418 0.0001 27
1695680960457 0.0001 28
1695680960494 0.0001 29
1695680960534 0.0001 30
1695680960572 0.0001 31
1695680960605 0.0001 32
1695680960637 0.0001 33
1695680965209 0.0001 34
1695680965249 0.0001 35
1695680965288 0.0001 36
1695680965326 0.0001 37
1695680965364 0.0001 38
1695680965402 0.0001 39
1695680965440 0.0001 40
1695680965479 0.0001 41
1695680965522 0.0001 42
1695680965558 0.0001 43
1695680965591 0.0001 44
1695680970156 0.0001 45
1695680970194 0.0001 46
1695680970231 0.0001 47
1695680970271 0.0001 48
1695680970312 0.0001 49
1695680970352 0.0001 50
1695680970392 0.0001 51
1695680970435 0.0001 52
1695680970473 0.0001 53
1695680970508 0.0001 54
1695680970544 0.0001 55
1695680975084 0.0001 56
1695680975128 0.0001 57
1695680975168 0.0001 58
1695680975208 0.0001 59
1695680975247 0.0001 60
1695680975287 0.0001 61
1695680975327 0.0001 62
1695680975366 0.0001 63
1695680975405 0.0001 64
1695680975439 0.0001 65
1695680975472 0.0001 66
1695680980002 0.0001 67
1695680980043 0.0001 68
1695680980083 0.0001 69
1695680980127 0.0001 70
1695680980166 0.0001 71
1695680980206 0.0001 72
1695680980246 0.0001 73
1695680980284 0.0001 74
1695680980324 0.0001 75
1695680980359 0.0001 76
1695680980393 0.0001 77
1695680984956 0.0001 78
1695680984999 0.0001 79
1695680985043 0.0001 80
1695680985087 0.0001 81
1695680985131 0.0001 82
1695680985176 0.0001 83
1695680985219 0.0001 84
1695680985262 0.0001 85
1695680985304 0.0001 86
1695680985337 0.0001 87
1695680985370 0.0001 88
1695680989887 0.0001 89
1695680989925 0.0001 90
1695680989965 0.0001 91
1695680990005 0.0001 92
1695680990046 0.0001 93
1695680990085 0.0001 94
1695680990124 0.0001 95
1695680990162 0.0001 96
1695680990201 0.0001 97
1695680990235 0.0001 98
1695680990270 0.0001 99
1695680994706 0.0001 100
1695680994746 0.0001 101
1695680994787 0.0001 102
1695680994827 0.0001 103
1695680994866 0.0001 104
1695680994905 0.0001 105
1695680994946 0.0001 106
1695680994989 0.0001 107
1695680995032 0.0001 108
1695680995068 0.0001 109
1695680995103 0.0001 110
1695680999605 0.0001 111
1695680999645 0.0001 112
1695680999683 0.0001 113
1695680999722 0.0001 114
1695680999762 0.0001 115
1695680999801 0.0001 116
1695680999840 0.0001 117
1695680999878 0.0001 118
1695680999919 0.0001 119
1695680999953 0.0001 120
1695680999987 0.0001 121
1695681004412 0.0001 122
1695681004450 0.0001 123
1695681004488 0.0001 124
1695681004526 0.0001 125
1695681004566 0.0001 126
1695681004604 0.0001 127
1695681004645 0.0001 128
1695681004683 0.0001 129
1695681004721 0.0001 130
1695681004755 0.0001 131
1695681004789 0.0001 132
1695681009388 0.0001 133
1695681009428 0.0001 134
1695681009467 0.0001 135
1695681009505 0.0001 136
1695681009546 0.0001 137
1695681009584 0.0001 138
1695681009622 0.0001 139
1695681009660 0.0001 140
1695681009699 0.0001 141
1695681009733 0.0001 142
1695681009767 0.0001 143
1695681014207 0.0001 144
1695681014251 0.0001 145
1695681014292 0.0001 146
1695681014334 0.0001 147
1695681014374 0.0001 148
1695681014414 0.0001 149
1695681014453 0.0001 150
1695681014494 0.0001 151
1695681014534 0.0001 152
1695681014568 0.0001 153
1695681014602 0.0001 154
1695681019131 0.0001 155
1695681019170 0.0001 156
1695681019209 0.0001 157
1695681019249 0.0001 158
1695681019287 0.0001 159
1695681019326 0.0001 160
1695681019364 0.0001 161
1695681019403 0.0001 162
1695681019441 0.0001 163
1695681019474 0.0001 164
1695681019507 0.0001 165
1695681023982 0.0001 166
1695681024022 0.0001 167
1695681024064 0.0001 168
1695681024106 0.0001 169
1695681024148 0.0001 170
1695681024188 0.0001 171
1695681024228 0.0001 172
1695681024267 0.0001 173
1695681024306 0.0001 174
1695681024341 0.0001 175
1695681024375 0.0001 176
1695681028927 0.0001 177
1695681028966 0.0001 178
1695681029006 0.0001 179
1695681029046 0.0001 180
1695681029085 0.0001 181
1695681029123 0.0001 182
1695681029162 0.0001 183
1695681029201 0.0001 184
1695681029241 0.0001 185
1695681029275 0.0001 186
1695681029309 0.0001 187
1695681033803 0.0001 188
1695681033844 0.0001 189
1695681033884 0.0001 190
1695681033924 0.0001 191
1695681033964 0.0001 192
1695681034003 0.0001 193
1695681034042 0.0001 194
1695681034081 0.0001 195
1695681034121 0.0001 196
1695681034155 0.0001 197
1695681034188 0.0001 198
1695681038671 0.0001 199
1695681038710 0.0001 200
1695681038749 0.0001 201
1695681038788 0.0001 202
1695681038827 0.0001 203
1695681038866 0.0001 204
1695681038905 0.0001 205
1695681038944 0.0001 206
1695681038982 0.0001 207
1695681039016 0.0001 208
1695681039050 0.0001 209
1695681043526 0.0001 210
1695681043565 0.0001 211
1695681043605 0.0001 212
1695681043648 0.0001 213
1695681043689 0.0001 214
1695681043729 0.0001 215
1695681043769 0.0001 216
1695681043809 0.0001 217
1695681043849 0.0001 218
1695681043884 0.0001 219
1695681043920 0.0001 220
1695681048508 0.0001 221
1695681048548 0.0001 222
1695681048586 0.0001 223
1695681048625 0.0001 224
1695681048665 0.0001 225
1695681048705 0.0001 226
1695681048745 0.0001 227
1695681048785 0.0001 228
1695681048824 0.0001 229
1695681048859 0.0001 230
1695681048894 0.0001 231
1695681053383 0.0001 232
1695681053423 0.0001 233
1695681053463 0.0001 234
1695681053502 0.0001 235
1695681053541 0.0001 236
1695681053581 0.0001 237
1695681053623 0.0001 238
1695681053663 0.0001 239
1695681053701 0.0001 240
1695681053737 0.0001 241
1695681053771 0.0001 242
1695681058279 0.0001 243
1695681058319 0.0001 244
1695681058358 0.0001 245
1695681058397 0.0001 246
1695681058437 0.0001 247
1695681058475 0.0001 248
1695681058514 0.0001 249
1695681058552 0.0001 250
1695681058591 0.0001 251
1695681058626 0.0001 252
1695681058662 0.0001 253
1695681063160 0.0001 254
1695681063199 0.0001 255
1695681063239 0.0001 256
1695681063279 0.0001 257
1695681063319 0.0001 258
1695681063357 0.0001 259
1695681063396 0.0001 260
1695681063435 0.0001 261
1695681063473 0.0001 262
1695681063507 0.0001 263
1695681063543 0.0001 264
1695681068018 0.0001 265
1695681068058 0.0001 266
1695681068097 0.0001 267
1695681068137 0.0001 268
1695681068177 0.0001 269
1695681068216 0.0001 270
1695681068256 0.0001 271
1695681068295 0.0001 272
1695681068334 0.0001 273
1695681068369 0.0001 274
1695681068403 0.0001 275
1695681072876 0.0001 276
1695681072916 0.0001 277
1695681072954 0.0001 278
1695681072993 0.0001 279
1695681073032 0.0001 280
1695681073070 0.0001 281
1695681073108 0.0001 282
1695681073146 0.0001 283
1695681073184 0.0001 284
1695681073218 0.0001 285
1695681073252 0.0001 286
1695681077715 0.0001 287
1695681077757 0.0001 288
1695681077798 0.0001 289
1695681077839 0.0001 290
1695681077881 0.0001 291
1695681077923 0.0001 292
1695681077965 0.0001 293
1695681078007 0.0001 294
1695681078047 0.0001 295
1695681078080 0.0001 296
1695681078114 0.0001 297
1695681082593 0.0001 298
1695681082635 0.0001 299
1695681082674 0.0001 300
1695681082713 0.0001 301
1695681082751 0.0001 302
1695681082790 0.0001 303
1695681082829 0.0001 304
1695681082868 0.0001 305
1695681082907 0.0001 306
1695681082942 0.0001 307
1695681082977 0.0001 308
1695681087426 0.0001 309
1695681087466 0.0001 310
1695681087505 0.0001 311
1695681087544 0.0001 312
1695681087584 0.0001 313
1695681087622 0.0001 314
1695681087661 0.0001 315
1695681087700 0.0001 316
1695681087738 0.0001 317
1695681087773 0.0001 318
1695681087807 0.0001 319
1695681092279 0.0001 320
1695681092322 0.0001 321
1695681092365 0.0001 322
1695681092405 0.0001 323
1695681092446 0.0001 324
1695681092492 0.0001 325
1695681092533 0.0001 326
1695681092576 0.0001 327
1695681092619 0.0001 328
1695681092654 0.0001 329
1695681092688 0.0001 330
1695681097153 0.0001 331
1695681097193 0.0001 332
1695681097232 0.0001 333
1695681097272 0.0001 334
1695681097313 0.0001 335
1695681097352 0.0001 336
1695681097391 0.0001 337
1695681097429 0.0001 338
1695681097467 0.0001 339
1695681097501 0.0001 340
1695681097533 0.0001 341
1695681101991 0.0001 342
1695681102030 0.0001 343
1695681102068 0.0001 344
1695681102110 0.0001 345
1695681102151 0.0001 346
1695681102190 0.0001 347
1695681102229 0.0001 348
1695681102268 0.0001 349
1695681102307 0.0001 350
1695681102341 0.0001 351
1695681102374 0.0001 352
1695681106837 0.0001 353
1695681106879 0.0001 354
1695681106921 0.0001 355
1695681106964 0.0001 356
1695681107004 0.0001 357
1695681107044 0.0001 358
1695681107086 0.0001 359
1695681107128 0.0001 360
1695681107171 0.0001 361
1695681107207 0.0001 362
1695681107243 0.0001 363
1695681111744 0.0001 364
1695681111783 0.0001 365
1695681111822 0.0001 366
1695681111861 0.0001 367
1695681111900 0.0001 368
1695681111940 0.0001 369
1695681111979 0.0001 370
1695681112019 0.0001 371
1695681112056 0.0001 372
1695681112090 0.0001 373
1695681112124 0.0001 374
1695681116716 0.0001 375
1695681116759 0.0001 376
1695681116801 0.0001 377
1695681116843 0.0001 378
1695681116884 0.0001 379
1695681116923 0.0001 380
1695681116964 0.0001 381
1695681117006 0.0001 382
1695681117047 0.0001 383
1695681117083 0.0001 384
1695681117120 0.0001 385
1695681121629 0.0001 386
1695681121669 0.0001 387
1695681121708 0.0001 388
1695681121748 0.0001 389
1695681121787 0.0001 390
1695681121826 0.0001 391
1695681121866 0.0001 392
1695681121907 0.0001 393
1695681121947 0.0001 394
1695681121982 0.0001 395
1695681122018 0.0001 396
1695681126516 0.0001 397
1695681126557 0.0001 398
1695681126598 0.0001 399
1695681126638 0.0001 400
1695681126678 0.0001 401
1695681126718 0.0001 402
1695681126757 0.0001 403
1695681126796 0.0001 404
1695681126834 0.0001 405
1695681126869 0.0001 406
1695681126904 0.0001 407
1695681131403 0.0001 408
1695681131444 0.0001 409
1695681131484 0.0001 410
1695681131524 0.0001 411
1695681131564 0.0001 412
1695681131603 0.0001 413
1695681131642 0.0001 414
1695681131683 0.0001 415
1695681131722 0.0001 416
1695681131756 0.0001 417
1695681131791 0.0001 418
1695681136464 0.0001 419
1695681136504 0.0001 420
1695681136542 0.0001 421
1695681136581 0.0001 422
1695681136620 0.0001 423
1695681136658 0.0001 424
1695681136697 0.0001 425
1695681136737 0.0001 426
1695681136777 0.0001 427
1695681136812 0.0001 428
1695681136845 0.0001 429
1695681141346 0.0001 430
1695681141385 0.0001 431
1695681141424 0.0001 432
1695681141462 0.0001 433
1695681141502 0.0001 434
1695681141542 0.0001 435
1695681141581 0.0001 436
1695681141619 0.0001 437
1695681141658 0.0001 438
1695681141692 0.0001 439
1695681141726 0.0001 440
1695681146288 0.0001 441
1695681146329 0.0001 442
1695681146371 0.0001 443
1695681146409 0.0001 444
1695681146448 0.0001 445
1695681146487 0.0001 446
1695681146526 0.0001 447
1695681146565 0.0001 448
1695681146606 0.0001 449
1695681146640 0.0001 450
1695681146674 0.0001 451
1695681151163 0.0001 452
1695681151205 0.0001 453
1695681151247 0.0001 454
1695681151287 0.0001 455
1695681151327 0.0001 456
1695681151367 0.0001 457
1695681151407 0.0001 458
1695681151447 0.0001 459
1695681151488 0.0001 460
1695681151524 0.0001 461
1695681151558 0.0001 462
1695681156039 0.0001 463
1695681156079 0.0001 464
1695681156132 0.0001 465
1695681156175 0.0001 466
1695681156217 0.0001 467
1695681156259 0.0001 468
1695681156301 0.0001 469
1695681156343 0.0001 470
1695681156388 0.0001 471
1695681156424 0.0001 472
1695681156459 0.0001 473
1695681160951 0.0001 474
1695681160991 0.0001 475
1695681161030 0.0001 476
1695681161069 0.0001 477
1695681161107 0.0001 478
1695681161146 0.0001 479
1695681161185 0.0001 480
1695681161223 0.0001 481
1695681161262 0.0001 482
1695681161295 0.0001 483
1695681161329 0.0001 484
1695681165816 0.0001 485
1695681165856 0.0001 486
1695681165895 0.0001 487
1695681165935 0.0001 488
1695681165975 0.0001 489
1695681166014 0.0001 490
1695681166053 0.0001 491
1695681166092 0.0001 492
1695681166131 0.0001 493
1695681166165 0.0001 494
1695681166198 0.0001 495
1695681170684 0.0001 496
1695681170724 0.0001 497
1695681170763 0.0001 498
1695681170802 0.0001 499
1695681170842 0.0001 500
1695681170880 0.0001 501
1695681170919 0.0001 502
1695681170958 0.0001 503
1695681170996 0.0001 504
1695681171030 0.0001 505
1695681171063 0.0001 506
1695681175542 0.0001 507
1695681175581 0.0001 508
1695681175621 0.0001 509
1695681175662 0.0001 510
1695681175703 0.0001 511
1695681175748 0.0001 512
1695681175788 0.0001 513
1695681175832 0.0001 514
1695681175875 0.0001 515
1695681175910 0.0001 516
1695681175945 0.0001 517
1695681180463 0.0001 518
1695681180506 0.0001 519
1695681180547 0.0001 520
1695681180587 0.0001 521
1695681180627 0.0001 522
1695681180670 0.0001 523
1695681180710 0.0001 524
1695681180751 0.0001 525
1695681180790 0.0001 526
1695681180825 0.0001 527
1695681180861 0.0001 528
1695681185340 0.0001 529
1695681185380 0.0001 530
1695681185420 0.0001 531
1695681185458 0.0001 532
1695681185497 0.0001 533
1695681185535 0.0001 534
1695681185574 0.0001 535
1695681185612 0.0001 536
1695681185651 0.0001 537
1695681185687 0.0001 538
1695681185722 0.0001 539
1695681190226 0.0001 540
1695681190266 0.0001 541
1695681190306 0.0001 542
1695681190346 0.0001 543
1695681190388 0.0001 544
1695681190427 0.0001 545
1695681190468 0.0001 546
1695681190508 0.0001 547
1695681190547 0.0001 548
1695681190581 0.0001 549
1695681190616 0.0001 550
