1695680950709 0.4542853832244873 1
1695680955755 0.22306862473487854 2
1695680960639 0.5547096729278564 3
1695680965594 0.8060422539710999 4
1695680970548 0.4390678405761719 5
1695680975474 0.89723801612854 6
1695680980396 0.6303362846374512 7
1695680985373 0.31660938262939453 8
1695680990272 0.3873099088668823 9
1695680995106 0.5324271321296692 10
1695680999989 0.45284605026245117 11
1695681004791 0.49026918411254883 12
1695681009769 0.08864772319793701 13
1695681014605 0.6704868674278259 14
1695681019509 0.5228298306465149 15
1695681024377 0.7805846333503723 16
1695681029311 0.6002394556999207 17
1695681034191 0.804935872554779 18
1695681039052 0.6186524629592896 19
1695681043922 0.620548665523529 20
1695681048896 0.4003565311431885 21
1695681053773 0.33614999055862427 22
1695681058665 0.5724720358848572 23
1695681063545 0.6470311284065247 24
1695681068405 0.5981879830360413 25
1695681073255 0.47678056359291077 26
1695681078116 0.5919610261917114 27
1695681082979 0.25104743242263794 28
1695681087809 0.8151702880859375 29
1695681092691 0.5318478345870972 30
1695681097536 0.4466565251350403 31
1695681102377 0.1907557100057602 32
1695681107245 0.6066044569015503 33
1695681112127 0.49055707454681396 34
1695681117122 0.5787976384162903 35
1695681122021 0.39651060104370117 36
1695681126906 0.7726612091064453 37
1695681131793 0.718463659286499 38
1695681136848 0.6377545595169067 39
1695681141728 0.6954345703125 40
1695681146676 0.5925616025924683 41
1695681151560 0.3879575729370117 42
1695681156462 0.30338478088378906 43
1695681161331 0.44298267364501953 44
1695681166201 0.23699893057346344 45
1695681171066 0.7958415746688843 46
1695681175947 0.5269546508789062 47
1695681180863 0.3659975230693817 48
1695681185725 0.8421085476875305 49
1695681190618 0.6323339343070984 50
