1696441344911 0.5070200562477112 1
1696441344970 0.5052211284637451 2
1696441345026 0.5064523816108704 3
1696441345088 0.25057560205459595 4
1696441345144 0.505358099937439 5
1696441345199 0.6644835472106934 6
1696441345255 0.5062837600708008 7
1696441345312 0.5041242241859436 8
1696441345370 0.32585883140563965 9
1696441345426 0.5048053860664368 10
1696441345484 0.18627317249774933 11
1696441345541 0.21487171947956085 12
1696441345597 0.5108421444892883 13
1696441345654 0.5109692215919495 14
1696441345710 0.5130172967910767 15
1696441345767 0.51093590259552 16
1696441345823 0.512952983379364 17
1696441345879 0.2722221314907074 18
1696441345936 0.524361252784729 19
1696441345992 0.5352935194969177 20
1696441346044 0.8022404909133911 21
1696441346093 1.1961565017700195 22
1696441349898 0.5250543355941772 23
1696441349955 0.1515686959028244 24
1696441350011 0.5093647241592407 25
1696441350067 0.5282643437385559 26
1696441350123 0.2869046926498413 27
1696441350179 0.5164846777915955 28
1696441350235 0.5122420191764832 29
1696441350291 0.5117852091789246 30
1696441350349 0.5189458131790161 31
1696441350405 0.482053279876709 32
1696441350462 0.5610014200210571 33
1696441350520 0.38288047909736633 34
1696441350577 0.5069499015808105 35
1696441350632 0.5147970914840698 36
1696441350689 0.5142567157745361 37
1696441350744 0.5051462054252625 38
1696441350800 0.176956444978714 39
1696441350857 1.0956193208694458 40
1696441350912 0.5153688788414001 41
1696441350968 0.2861233353614807 42
1696441351020 0.2821165919303894 43
1696441351075 0.159688800573349 44
1696441354759 0.1800469160079956 45
1696441354817 0.2916156053543091 46
1696441354876 0.5115440487861633 47
1696441354932 0.3969174921512604 48
1696441354987 0.5164324045181274 49
1696441355043 0.22338367998600006 50
1696441355098 0.7646386623382568 51
1696441355153 0.5290547013282776 52
1696441355209 0.5092443823814392 53
1696441355265 0.6018350720405579 54
1696441355321 0.5213268995285034 55
1696441355377 0.4199334681034088 56
1696441355435 0.5001471042633057 57
1696441355491 0.5160648822784424 58
1696441355547 0.5125017166137695 59
1696441355602 0.5196117162704468 60
1696441355659 0.07178255170583725 61
1696441355718 0.1609618365764618 62
1696441355777 0.5247644186019897 63
1696441355835 0.5178018808364868 64
1696441355889 0.13024823367595673 65
1696441355940 0.2836494445800781 66
1696441359621 0.5325368046760559 67
1696441359677 0.5151511430740356 68
1696441359735 0.4512309432029724 69
1696441359791 0.5192598700523376 70
1696441359846 0.5054420828819275 71
1696441359902 0.1023184061050415 72
1696441359957 0.5067931413650513 73
1696441360013 0.1640452742576599 74
1696441360068 0.5065898299217224 75
1696441360123 0.4813561737537384 76
1696441360179 0.39165785908699036 77
1696441360234 0.5083326101303101 78
1696441360299 0.2508966326713562 79
1696441360356 0.5081275701522827 80
1696441360411 0.2701708674430847 81
1696441360468 1.9140805006027222 82
1696441360525 0.5075064897537231 83
1696441360582 0.46798455715179443 84
1696441360637 0.5112866163253784 85
1696441360693 0.336575448513031 86
1696441360746 0.7604802846908569 87
1696441360798 0.511379063129425 88
1696441364417 0.5114536285400391 89
1696441364474 0.1622617244720459 90
1696441364531 0.5182804465293884 91
1696441364589 0.2184026539325714 92
1696441364647 0.1471855640411377 93
1696441364705 0.5604075789451599 94
1696441364760 0.9841659069061279 95
1696441364816 0.22046230733394623 96
1696441364873 0.5516860485076904 97
1696441364931 0.13126742839813232 98
1696441364987 0.5299569964408875 99
1696441365043 0.5173651576042175 100
1696441365098 0.5211467146873474 101
1696441365154 1.1874732971191406 102
1696441365210 0.8016386032104492 103
1696441365266 0.7219798564910889 104
1696441365322 0.2593318223953247 105
1696441365379 0.17534087598323822 106
1696441365437 0.5248374342918396 107
1696441365494 0.2671601176261902 108
1696441365545 0.5446714162826538 109
1696441365596 0.5101645588874817 110
1696441369221 0.5359269976615906 111
1696441369277 0.5085521936416626 112
1696441369333 0.19222334027290344 113
1696441369389 0.5091144442558289 114
1696441369446 0.6208387613296509 115
1696441369508 0.47544825077056885 116
1696441369564 0.3918571472167969 117
1696441369620 0.24753309786319733 118
1696441369677 0.46489742398262024 119
1696441369732 0.515288770198822 120
1696441369787 0.5080267190933228 121
1696441369843 0.5112667083740234 122
1696441369899 0.3255729079246521 123
1696441369954 0.5661391615867615 124
1696441370010 0.5069665312767029 125
1696441370067 0.2415701299905777 126
1696441370124 0.2759462893009186 127
1696441370180 0.14991573989391327 128
1696441370236 0.5115213990211487 129
1696441370294 0.6385560631752014 130
1696441370346 0.38826677203178406 131
1696441370397 0.1145472601056099 132
1696441374107 0.480458527803421 133
1696441374165 0.1300511360168457 134
1696441374223 0.31714484095573425 135
1696441374280 0.516624391078949 136
1696441374337 0.9362608194351196 137
1696441374394 0.5168504118919373 138
1696441374452 0.4823022782802582 139
1696441374510 0.19048017263412476 140
1696441374566 0.1699906587600708 141
1696441374633 0.148659810423851 142
1696441374689 0.5100358128547668 143
1696441374748 0.21077430248260498 144
1696441374804 0.5120498538017273 145
1696441374861 0.5252371430397034 146
1696441374918 0.4722484052181244 147
1696441374974 0.5284122228622437 148
1696441375030 0.5489409565925598 149
1696441375087 0.3255799114704132 150
1696441375143 0.519121527671814 151
1696441375201 0.14439386129379272 152
1696441375253 0.2744053602218628 153
1696441375305 0.5107824802398682 154
1696441379215 0.1457062065601349 155
1696441379271 0.23640763759613037 156
1696441379327 0.5236910581588745 157
1696441379384 0.5083376169204712 158
1696441379441 0.17669901251792908 159
1696441379499 0.25197261571884155 160
1696441379556 0.34758278727531433 161
1696441379611 0.5137998461723328 162
1696441379667 0.5101093053817749 163
1696441379726 0.22646263241767883 164
1696441379782 0.34902068972587585 165
1696441379837 0.5070025324821472 166
1696441379893 0.5109467506408691 167
1696441379948 0.5050731301307678 168
1696441380005 0.2199384719133377 169
1696441380061 0.5106709003448486 170
1696441380117 0.5051766633987427 171
1696441380172 0.5125208497047424 172
1696441380228 0.20067927241325378 173
1696441380286 0.12146429717540741 174
1696441380338 0.15701699256896973 175
1696441380390 0.6704881191253662 176
1696441384094 0.5076068639755249 177
1696441384151 0.5090181231498718 178
1696441384207 0.5076610445976257 179
1696441384263 0.39345502853393555 180
1696441384319 0.5457862019538879 181
1696441384376 0.2097896784543991 182
1696441384433 0.5141422748565674 183
1696441384494 0.5207308530807495 184
1696441384550 0.5126056671142578 185
1696441384606 0.512643039226532 186
1696441384663 0.2948291003704071 187
1696441384719 0.6180184483528137 188
1696441384775 1.7377995252609253 189
1696441384832 0.408081978559494 190
1696441384887 0.5131071209907532 191
1696441384943 0.5602163076400757 192
1696441384999 0.5072969794273376 193
1696441385055 0.14562073349952698 194
1696441385111 0.16191144287586212 195
1696441385166 0.6091136932373047 196
1696441385217 0.5233238339424133 197
1696441385269 0.08630764484405518 198
1696441388923 0.5727150440216064 199
1696441388980 0.5193847417831421 200
1696441389036 0.509297251701355 201
1696441389092 0.16351047158241272 202
1696441389147 0.669897198677063 203
1696441389204 0.5166686773300171 204
1696441389260 0.507656991481781 205
1696441389315 0.5458409190177917 206
1696441389371 0.508624255657196 207
1696441389427 0.21451836824417114 208
1696441389484 0.4646961987018585 209
1696441389541 0.5063778162002563 210
1696441389598 0.38074713945388794 211
1696441389655 0.18257421255111694 212
1696441389710 0.5062060356140137 213
1696441389765 0.5174185633659363 214
1696441389822 0.5132696628570557 215
1696441389881 0.13807934522628784 216
1696441389938 0.5210873484611511 217
1696441389995 0.5059912800788879 218
1696441390047 0.5175354480743408 219
1696441390098 0.5073671340942383 220
1696441393760 0.35384249687194824 221
1696441393818 2.182976722717285 222
1696441393874 1.2280939817428589 223
1696441393930 0.17611239850521088 224
1696441393986 0.19137567281723022 225
1696441394045 0.5062505006790161 226
1696441394102 0.386432945728302 227
1696441394159 0.4420245289802551 228
1696441394215 0.12578578293323517 229
1696441394271 0.6189419031143188 230
1696441394327 0.6886317729949951 231
1696441394383 0.30086657404899597 232
1696441394439 0.511421799659729 233
1696441394495 0.5058295130729675 234
1696441394553 0.5212954878807068 235
1696441394611 0.5112637877464294 236
1696441394667 0.7498372197151184 237
1696441394725 0.5101377964019775 238
1696441394784 0.5044754147529602 239
1696441394844 0.3521621525287628 240
1696441394896 0.36789679527282715 241
1696441394947 0.5138633847236633 242
1696441398617 0.472736120223999 243
1696441398677 1.5957411527633667 244
1696441398738 0.5167496800422668 245
1696441398796 0.5051791071891785 246
1696441398855 0.5328285694122314 247
1696441398915 0.6933714151382446 248
1696441398973 0.5122047066688538 249
1696441399031 0.5053042769432068 250
1696441399089 0.5066553354263306 251
1696441399148 0.40115201473236084 252
1696441399206 0.5083813667297363 253
1696441399265 1.0410754680633545 254
1696441399324 0.2609356641769409 255
1696441399382 0.5383417010307312 256
1696441399441 0.5087754726409912 257
1696441399501 0.5111351013183594 258
1696441399565 0.18924590945243835 259
1696441399628 0.5062527060508728 260
1696441399691 0.3338419795036316 261
1696441399750 0.5521588921546936 262
1696441399801 0.5421324968338013 263
1696441399851 0.558957040309906 264
1696441403526 0.5116970539093018 265
1696441403585 0.5479149222373962 266
1696441403643 0.5293248295783997 267
1696441403702 0.5362417101860046 268
1696441403760 0.5200400948524475 269
1696441403818 0.6665855050086975 270
1696441403876 0.4805477559566498 271
1696441403935 0.3760676681995392 272
1696441403995 0.24979013204574585 273
1696441404054 0.5032045245170593 274
1696441404114 0.5085326433181763 275
1696441404172 0.5097531080245972 276
1696441404230 0.1981482356786728 277
1696441404288 0.5158582925796509 278
1696441404346 0.5072973966598511 279
1696441404404 0.5086596608161926 280
1696441404460 0.5223865509033203 281
1696441404518 0.13422523438930511 282
1696441404575 0.16187787055969238 283
1696441404635 0.11012545973062515 284
1696441404687 0.5098987221717834 285
1696441404738 0.5060766339302063 286
1696441408496 0.5193495750427246 287
1696441408553 0.18732886016368866 288
1696441408609 0.5213584303855896 289
1696441408667 0.25827348232269287 290
1696441408723 0.43850234150886536 291
1696441408781 0.1758052110671997 292
1696441408838 0.5084541440010071 293
1696441408895 0.21178948879241943 294
1696441408951 0.5079484581947327 295
1696441409008 0.6419932842254639 296
1696441409064 0.2813626527786255 297
1696441409120 0.5132927298545837 298
1696441409176 0.38877013325691223 299
1696441409233 0.5175012946128845 300
1696441409289 0.5058015584945679 301
1696441409345 0.17837108671665192 302
1696441409409 0.2615400552749634 303
1696441409467 0.1366911232471466 304
1696441409523 0.5090667605400085 305
1696441409578 0.5075671076774597 306
1696441409630 1.5071830749511719 307
1696441409681 0.18330317735671997 308
1696441413370 0.26064446568489075 309
1696441413426 0.5920347571372986 310
1696441413482 0.5057506561279297 311
1696441413538 0.5116543173789978 312
1696441413594 0.5060561895370483 313
1696441413650 0.5175805687904358 314
1696441413708 0.5364358425140381 315
1696441413765 0.5078816413879395 316
1696441413820 0.5074065923690796 317
1696441413877 0.08447808027267456 318
1696441413933 0.1271948218345642 319
1696441413990 0.5081958770751953 320
1696441414047 0.12102746963500977 321
1696441414103 0.7852644920349121 322
1696441414159 0.3172566890716553 323
1696441414215 0.5090965628623962 324
1696441414273 0.28891056776046753 325
1696441414329 0.5202140808105469 326
1696441414385 0.5235727429389954 327
1696441414443 0.5094063878059387 328
1696441414496 0.6255132555961609 329
1696441414547 0.5194641351699829 330
1696441418237 0.5188655853271484 331
1696441418294 0.2786346673965454 332
1696441418351 0.4453563392162323 333
1696441418408 0.23971626162528992 334
1696441418464 0.5058010816574097 335
1696441418521 0.51706463098526 336
1696441418577 0.49021047353744507 337
1696441418634 0.5156688094139099 338
1696441418690 0.5381536483764648 339
1696441418746 0.5087549686431885 340
1696441418802 0.4622975289821625 341
1696441418858 0.5076625943183899 342
1696441418914 0.19627498090267181 343
1696441418970 0.5102499127388 344
1696441419027 0.16720137000083923 345
1696441419084 0.15336349606513977 346
1696441419140 1.6020898818969727 347
1696441419196 0.23542721569538116 348
1696441419251 0.5094538927078247 349
1696441419308 0.3888774514198303 350
1696441419360 0.3938763737678528 351
1696441419412 0.21769972145557404 352
1696441423089 0.5235903859138489 353
1696441423146 0.5097932815551758 354
1696441423203 0.21963924169540405 355
1696441423259 0.18994224071502686 356
1696441423319 0.20090866088867188 357
1696441423375 0.2961002290248871 358
1696441423432 0.5065807700157166 359
1696441423490 0.09759388864040375 360
1696441423547 0.3259330987930298 361
1696441423604 0.293008416891098 362
1696441423660 0.3337321877479553 363
1696441423720 0.5769540667533875 364
1696441423779 0.3198941648006439 365
1696441423834 0.512925386428833 366
1696441423889 0.5187721252441406 367
1696441423945 0.5261745452880859 368
1696441424001 0.5058301091194153 369
1696441424057 0.1347043812274933 370
1696441424112 0.5102047324180603 371
1696441424168 0.5186407566070557 372
1696441424222 0.5161114931106567 373
1696441424273 0.5104932188987732 374
1696441427974 0.5910627245903015 375
1696441428030 0.5119842290878296 376
1696441428086 0.6164582967758179 377
1696441428142 0.31948423385620117 378
1696441428198 0.5061162710189819 379
1696441428253 0.5225863456726074 380
1696441428311 0.5141030550003052 381
1696441428378 0.5145585536956787 382
1696441428436 0.3485884964466095 383
1696441428492 0.5084428787231445 384
1696441428550 0.5261229276657104 385
1696441428609 0.1343344897031784 386
1696441428668 0.30396151542663574 387
1696441428725 0.5483042001724243 388
1696441428781 0.33620813488960266 389
1696441428837 0.5065122842788696 390
1696441428898 0.38757917284965515 391
1696441428954 0.5108542442321777 392
1696441429010 0.5069288611412048 393
1696441429066 0.5065763592720032 394
1696441429119 0.16389985382556915 395
1696441429170 0.5078726410865784 396
1696441432857 0.5108230113983154 397
1696441432913 0.5161477327346802 398
1696441432969 0.5047615170478821 399
1696441433027 0.33415964245796204 400
1696441433084 0.15005148947238922 401
1696441433140 0.10495422780513763 402
1696441433196 0.6683250665664673 403
1696441433252 0.5454583764076233 404
1696441433309 0.14409545063972473 405
1696441433366 0.5075918436050415 406
1696441433423 0.20895984768867493 407
1696441433480 0.5123468041419983 408
1696441433537 0.5086084604263306 409
1696441433593 0.5635544657707214 410
1696441433650 0.5157627463340759 411
1696441433707 0.5058688521385193 412
1696441433765 0.2134910672903061 413
1696441433822 0.26630929112434387 414
1696441433878 0.509433925151825 415
1696441433934 0.5188426971435547 416
1696441433987 0.13255548477172852 417
1696441434039 0.5065810084342957 418
1696441437801 0.508246123790741 419
1696441437858 0.5168284177780151 420
1696441437915 0.2665770649909973 421
1696441437971 0.526199996471405 422
1696441438026 0.5179961323738098 423
1696441438082 0.5381692051887512 424
1696441438139 0.17536047101020813 425
1696441438196 0.19302737712860107 426
1696441438253 0.11610144376754761 427
1696441438309 0.5085983872413635 428
1696441438366 0.45938974618911743 429
1696441438423 0.5081351399421692 430
1696441438480 0.5097000598907471 431
1696441438537 0.25028687715530396 432
1696441438594 0.14545926451683044 433
1696441438651 1.741039514541626 434
1696441438708 0.5070256590843201 435
1696441438765 0.5059230327606201 436
1696441438822 0.508278489112854 437
1696441438880 0.40985947847366333 438
1696441438932 0.3548908829689026 439
1696441438985 0.5289190411567688 440
1696441442774 0.5069296956062317 441
1696441442831 0.5056238770484924 442
1696441442889 0.19052645564079285 443
1696441442946 0.482343852519989 444
1696441443005 0.1317104697227478 445
1696441443063 0.5542325377464294 446
1696441443121 0.3524818420410156 447
1696441443179 0.520225465297699 448
1696441443237 0.43247830867767334 449
1696441443294 0.18114608526229858 450
1696441443350 0.19034096598625183 451
1696441443407 0.451997846364975 452
1696441443463 0.5087189674377441 453
1696441443520 0.5470973253250122 454
1696441443576 0.5285626649856567 455
1696441443634 0.5423582792282104 456
1696441443691 0.5740931630134583 457
1696441443749 0.09529301524162292 458
1696441443806 0.5132706165313721 459
1696441443863 0.5091254115104675 460
1696441443916 0.25537243485450745 461
1696441443969 0.4083317518234253 462
1696441447835 0.24827873706817627 463
1696441447894 0.5129175782203674 464
1696441447951 0.18091538548469543 465
1696441448008 0.251468300819397 466
1696441448064 0.32508113980293274 467
1696441448123 0.3008173406124115 468
1696441448181 0.50928795337677 469
1696441448238 0.5098103284835815 470
1696441448294 0.26569581031799316 471
1696441448351 0.510436475276947 472
1696441448407 0.5083680152893066 473
1696441448463 0.5075885057449341 474
1696441448519 0.5087490677833557 475
1696441448577 0.3731520473957062 476
1696441448636 0.7845562696456909 477
1696441448692 0.5317116975784302 478
1696441448748 0.5067954659461975 479
1696441448804 0.21109454333782196 480
1696441448860 0.515346348285675 481
1696441448915 0.5132516026496887 482
1696441448967 0.2917548418045044 483
1696441449019 0.23475950956344604 484
1696441452733 0.5360584259033203 485
1696441452789 0.540733814239502 486
1696441452846 0.2716611623764038 487
1696441452903 0.43602636456489563 488
1696441452960 0.4991036355495453 489
1696441453017 0.5107007026672363 490
1696441453073 0.5496465563774109 491
1696441453129 0.506074845790863 492
1696441453186 0.24636270105838776 493
1696441453242 0.5098679661750793 494
1696441453301 0.3043501377105713 495
1696441453359 0.26669734716415405 496
1696441453417 0.23801051080226898 497
1696441453475 0.5051572918891907 498
1696441453532 0.5147990584373474 499
1696441453588 0.5074453949928284 500
1696441453645 0.20777957141399384 501
1696441453701 0.507703959941864 502
1696441453758 0.152308851480484 503
1696441453814 0.5324776768684387 504
1696441453866 0.2175845354795456 505
1696441453917 0.4813302755355835 506
1696441457624 0.5085620880126953 507
1696441457680 0.23971503973007202 508
1696441457738 0.5109604001045227 509
1696441457795 0.16141800582408905 510
1696441457851 0.1967233270406723 511
1696441457907 0.29109975695610046 512
1696441457963 0.32394322752952576 513
1696441458019 0.35763272643089294 514
1696441458076 0.5062503814697266 515
1696441458132 0.18638283014297485 516
1696441458187 0.5109387040138245 517
1696441458243 0.17928701639175415 518
1696441458299 0.5066341757774353 519
1696441458355 0.5053314566612244 520
1696441458411 0.5093273520469666 521
1696441458468 0.21744424104690552 522
1696441458524 0.5146750211715698 523
1696441458581 0.5147056579589844 524
1696441458638 0.5073783993721008 525
1696441458697 0.5092073082923889 526
1696441458752 0.11047779768705368 527
1696441458805 0.5101243257522583 528
1696441462503 0.2534891366958618 529
1696441462559 0.27584683895111084 530
1696441462616 0.5135449767112732 531
1696441462673 0.5114471912384033 532
1696441462729 0.5084196925163269 533
1696441462785 0.5395495295524597 534
1696441462841 3.2557289600372314 535
1696441462898 0.45862823724746704 536
1696441462955 0.14507493376731873 537
1696441463011 0.5116201043128967 538
1696441463067 0.19592727720737457 539
1696441463123 0.6518661975860596 540
1696441463178 0.5122734308242798 541
1696441463235 0.5858507752418518 542
1696441463290 0.5218609571456909 543
1696441463346 0.5136532187461853 544
1696441463401 0.5136029720306396 545
1696441463457 0.5144712328910828 546
1696441463514 0.5190801620483398 547
1696441463570 0.5089901685714722 548
1696441463622 0.5143274068832397 549
1696441463677 0.511096715927124 550
1696441467400 0.16051378846168518 551
1696441467457 0.507418692111969 552
1696441467514 0.5132683515548706 553
1696441467574 0.3332973122596741 554
1696441467630 0.5123172998428345 555
1696441467687 0.47152429819107056 556
1696441467743 0.3301055133342743 557
1696441467803 0.25722765922546387 558
1696441467859 0.41780808568000793 559
1696441467916 0.1421697437763214 560
1696441467973 0.20702296495437622 561
1696441468030 0.5110884308815002 562
1696441468086 0.16067031025886536 563
1696441468142 0.5214842557907104 564
1696441468197 0.5056719779968262 565
1696441468254 0.9990293383598328 566
1696441468310 0.263629674911499 567
1696441468366 0.5085468888282776 568
1696441468423 0.2761499583721161 569
1696441468479 1.0998836755752563 570
1696441468532 0.2896145284175873 571
1696441468584 0.5075077414512634 572
1696441472298 0.12933312356472015 573
1696441472355 0.6060646772384644 574
1696441472414 0.4264450967311859 575
1696441472472 0.5079555511474609 576
1696441472528 0.5119670629501343 577
1696441472585 0.5060526132583618 578
1696441472642 1.6175100803375244 579
1696441472699 0.505944013595581 580
1696441472755 0.5069681406021118 581
1696441472811 0.548116147518158 582
1696441472867 0.13432228565216064 583
1696441472928 0.5066267848014832 584
1696441472985 0.5083911418914795 585
1696441473041 0.5204105377197266 586
1696441473097 0.5095947980880737 587
1696441473154 0.11229243874549866 588
1696441473210 0.5091218948364258 589
1696441473267 0.15170788764953613 590
1696441473323 0.5117617845535278 591
1696441473379 0.5092889666557312 592
1696441473431 0.557259202003479 593
1696441473482 0.5354368090629578 594
1696441477184 0.5110754370689392 595
1696441477243 0.18723082542419434 596
1696441477300 0.26391252875328064 597
1696441477357 0.1958475410938263 598
1696441477415 0.4617983400821686 599
1696441477473 0.3287484645843506 600
1696441477530 0.517092227935791 601
1696441477587 0.5294773578643799 602
1696441477645 0.15269389748573303 603
1696441477703 0.5200801491737366 604
1696441477760 0.21694974601268768 605
1696441477815 0.5092278718948364 606
1696441477872 0.14946475625038147 607
1696441477928 0.1846657395362854 608
1696441477984 0.514275848865509 609
1696441478049 0.09828024357557297 610
1696441478106 0.5060935616493225 611
1696441478162 0.22776296734809875 612
1696441478219 0.2521917521953583 613
1696441478276 0.4178010821342468 614
1696441478328 0.11389047652482986 615
1696441478380 0.18214485049247742 616
1696441482091 0.315448522567749 617
1696441482151 0.13254399597644806 618
1696441482208 0.7882748246192932 619
1696441482266 0.29612019658088684 620
1696441482324 0.3631580173969269 621
1696441482382 0.4800286889076233 622
1696441482439 0.5256022214889526 623
1696441482497 0.49616488814353943 624
1696441482554 0.5085827708244324 625
1696441482611 0.5074131488800049 626
1696441482669 0.501813530921936 627
1696441482726 0.528968870639801 628
1696441482782 0.5195775628089905 629
1696441482840 0.5236563682556152 630
1696441482896 0.5084036588668823 631
1696441482952 0.5223849415779114 632
1696441483008 0.5086576342582703 633
1696441483064 0.23720626533031464 634
1696441483120 0.5327696204185486 635
1696441483177 0.24260446429252625 636
1696441483230 0.8255372047424316 637
1696441483283 0.2057119607925415 638
1696441486993 0.3570278584957123 639
1696441487050 0.5274165272712708 640
1696441487106 0.5434190034866333 641
1696441487163 0.3667857050895691 642
1696441487220 0.36513176560401917 643
1696441487276 0.43198391795158386 644
1696441487334 0.21889790892601013 645
1696441487392 0.5782584547996521 646
1696441487449 0.261403352022171 647
1696441487507 0.510334312915802 648
1696441487563 0.5173136591911316 649
1696441487620 0.49254322052001953 650
1696441487680 0.5117212533950806 651
1696441487736 0.518305242061615 652
1696441487792 0.5090962648391724 653
1696441487849 0.6762899160385132 654
1696441487906 0.5116618275642395 655
1696441487962 0.5214216709136963 656
1696441488019 0.4494802951812744 657
1696441488075 0.5238268971443176 658
1696441488127 0.5312952399253845 659
1696441488178 0.538249135017395 660
1696441491897 0.2903357148170471 661
1696441491953 0.5106688141822815 662
1696441492010 0.4783918261528015 663
1696441492066 0.509587824344635 664
1696441492124 0.7703735828399658 665
1696441492180 0.5899462699890137 666
1696441492236 0.5243613719940186 667
1696441492294 0.6267266869544983 668
1696441492351 0.6219691634178162 669
1696441492409 0.39109084010124207 670
1696441492466 0.4094618558883667 671
1696441492524 0.507565975189209 672
1696441492581 0.27947407960891724 673
1696441492640 0.5126845836639404 674
1696441492700 0.15821526944637299 675
1696441492756 0.518573522567749 676
1696441492813 0.5164857506752014 677
1696441492870 0.5091308951377869 678
1696441492927 0.16624712944030762 679
1696441492984 0.5070839524269104 680
1696441493035 0.5093482732772827 681
1696441493087 0.36759597063064575 682
1696441496785 0.33458882570266724 683
1696441496841 0.5052830576896667 684
1696441496897 0.928207516670227 685
1696441496953 0.5097593665122986 686
1696441497010 1.0881856679916382 687
1696441497067 0.19949352741241455 688
1696441497125 0.09759057313203812 689
1696441497181 0.5424883961677551 690
1696441497237 0.6124250888824463 691
1696441497295 0.09701088070869446 692
1696441497352 0.16083046793937683 693
1696441497408 0.7354847192764282 694
1696441497469 0.5206684470176697 695
1696441497527 0.23889438807964325 696
1696441497584 0.15101435780525208 697
1696441497642 0.5821641683578491 698
1696441497700 0.39083752036094666 699
1696441497757 0.17354166507720947 700
1696441497812 0.22606395184993744 701
1696441497868 0.5079557299613953 702
1696441497919 0.5440678596496582 703
1696441497970 0.5727986097335815 704
1696441501713 0.5336505174636841 705
1696441501772 0.4924251437187195 706
1696441501828 0.24936729669570923 707
1696441501884 0.3933643698692322 708
1696441501940 0.18002675473690033 709
1696441501996 0.4197121858596802 710
1696441502053 0.18695777654647827 711
1696441502109 0.20378844439983368 712
1696441502166 0.23522894084453583 713
1696441502224 0.23067669570446014 714
1696441502280 0.2668427526950836 715
1696441502337 0.3059270977973938 716
1696441502396 0.5061494708061218 717
1696441502455 1.634507179260254 718
1696441502515 0.13351917266845703 719
1696441502573 0.4489371180534363 720
1696441502635 0.08845718950033188 721
1696441502693 0.511500358581543 722
1696441502753 0.5063924789428711 723
1696441502810 0.5070195198059082 724
1696441502863 0.4456793963909149 725
1696441502914 0.5106714963912964 726
1696441506609 0.2879851460456848 727
1696441506667 0.5148833990097046 728
1696441506725 0.3910768926143646 729
1696441506782 0.5073530077934265 730
1696441506839 0.10592927783727646 731
1696441506896 0.194236159324646 732
1696441506952 0.4192116856575012 733
1696441507008 0.5223084688186646 734
1696441507064 0.591431200504303 735
1696441507121 0.8391252756118774 736
1696441507177 0.7003138661384583 737
1696441507234 2.6751365661621094 738
1696441507290 0.506847083568573 739
1696441507346 0.5522218942642212 740
1696441507403 0.4283556640148163 741
1696441507460 0.514240562915802 742
1696441507516 0.5090854167938232 743
1696441507572 0.4371927082538605 744
1696441507628 0.5127692818641663 745
1696441507685 0.5072025060653687 746
1696441507743 0.5676990151405334 747
1696441507794 0.10627269744873047 748
1696441511498 0.24360160529613495 749
1696441511555 0.5362036824226379 750
1696441511612 0.150405615568161 751
1696441511671 0.5064924955368042 752
1696441511730 0.5062130689620972 753
1696441511787 1.0206376314163208 754
1696441511845 0.5242258310317993 755
1696441511903 0.29133352637290955 756
1696441511960 0.5414772033691406 757
1696441512018 0.5081655383110046 758
1696441512075 0.18896141648292542 759
1696441512132 0.5201425552368164 760
1696441512189 0.5063031315803528 761
1696441512245 0.7350440621376038 762
1696441512303 0.11650773882865906 763
1696441512361 0.17782710492610931 764
1696441512418 0.5069001317024231 765
1696441512475 0.5115635991096497 766
1696441512533 0.41509389877319336 767
1696441512589 0.5962635278701782 768
1696441512642 0.2571137547492981 769
1696441512694 0.506377100944519 770
1696441516550 0.515565812587738 771
1696441516607 0.14439937472343445 772
1696441516665 0.18786843121051788 773
1696441516722 0.39474794268608093 774
1696441516779 0.5159837603569031 775
1696441516835 0.508025586605072 776
1696441516892 0.5187348127365112 777
1696441516950 0.08548063039779663 778
1696441517007 0.19595098495483398 779
1696441517063 0.23890303075313568 780
1696441517120 0.32002168893814087 781
1696441517179 0.21494576334953308 782
1696441517237 0.573919951915741 783
1696441517295 0.200624018907547 784
1696441517351 0.5104352831840515 785
1696441517407 0.5101287364959717 786
1696441517465 0.19292262196540833 787
1696441517522 0.5134416818618774 788
1696441517579 0.16896888613700867 789
1696441517637 0.5386282205581665 790
1696441517692 0.4910052716732025 791
1696441517745 0.16532686352729797 792
1696441521432 0.3410475254058838 793
1696441521489 0.5075236558914185 794
1696441521546 0.5515838265419006 795
1696441521603 0.24471265077590942 796
1696441521659 0.5959829092025757 797
1696441521716 0.5068694949150085 798
1696441521772 0.1469458043575287 799
1696441521833 0.41157710552215576 800
1696441521893 0.37725579738616943 801
1696441521951 0.5065492987632751 802
1696441522009 0.5093567371368408 803
1696441522064 0.5477229356765747 804
1696441522120 0.5511864423751831 805
1696441522177 0.5239590406417847 806
1696441522234 0.3400978147983551 807
1696441522291 0.12916186451911926 808
1696441522347 0.5131213068962097 809
1696441522404 0.3295914828777313 810
1696441522460 0.27321088314056396 811
1696441522517 0.5092148780822754 812
1696441522571 0.505441427230835 813
1696441522623 0.2450314164161682 814
1696441526345 0.5066131949424744 815
1696441526401 0.5314176678657532 816
1696441526458 0.5061554908752441 817
1696441526517 0.3270488381385803 818
1696441526575 0.15507929027080536 819
1696441526631 0.38916081190109253 820
1696441526687 0.5088807940483093 821
1696441526743 0.5177105069160461 822
1696441526799 0.5048146843910217 823
1696441526857 0.506256103515625 824
1696441526915 0.12869250774383545 825
1696441526971 1.4545761346817017 826
1696441527028 0.5069037079811096 827
1696441527086 0.2548214793205261 828
1696441527143 0.4667649269104004 829
1696441527202 0.4563986659049988 830
1696441527259 0.8551394939422607 831
1696441527316 0.5079528093338013 832
1696441527374 0.5114434957504272 833
1696441527432 0.18208327889442444 834
1696441527485 0.5431185960769653 835
1696441527539 0.13131368160247803 836
1696441531261 0.4531688392162323 837
1696441531319 0.5106074810028076 838
1696441531376 0.20956891775131226 839
1696441531434 0.6089353561401367 840
1696441531493 0.3679921627044678 841
1696441531551 0.5182051062583923 842
1696441531608 0.5053682923316956 843
1696441531666 0.4225967228412628 844
1696441531723 0.5061482191085815 845
1696441531780 0.5085256099700928 846
1696441531837 0.12383010983467102 847
1696441531894 0.5137648582458496 848
1696441531951 0.29503297805786133 849
1696441532008 0.5182065367698669 850
1696441532064 0.7952279448509216 851
1696441532121 0.24885378777980804 852
1696441532179 0.23789742588996887 853
1696441532236 0.41107606887817383 854
1696441532296 0.5123130679130554 855
1696441532354 0.5121975541114807 856
1696441532408 0.4588637948036194 857
1696441532461 0.13271841406822205 858
1696441536185 0.4884202480316162 859
1696441536241 0.5656682848930359 860
1696441536296 0.5312142968177795 861
1696441536353 0.37777817249298096 862
1696441536413 0.5229883790016174 863
1696441536471 0.08386918902397156 864
1696441536528 0.5074614882469177 865
1696441536584 0.374349445104599 866
1696441536640 0.479289174079895 867
1696441536699 0.4545995593070984 868
1696441536756 0.5219113230705261 869
1696441536813 0.5136090517044067 870
1696441536870 0.516468346118927 871
1696441536928 0.5142984390258789 872
1696441536984 0.12535987794399261 873
1696441537041 2.6548373699188232 874
1696441537097 0.43051356077194214 875
1696441537153 0.5289425253868103 876
1696441537208 0.506505012512207 877
1696441537264 0.5129579901695251 878
1696441537316 0.5747942924499512 879
1696441537367 0.539803683757782 880
1696441541135 0.754124641418457 881
1696441541192 0.28102487325668335 882
1696441541249 0.203919917345047 883
1696441541305 0.510658323764801 884
1696441541362 0.1860993355512619 885
1696441541417 0.5079233646392822 886
1696441541474 0.5285281538963318 887
1696441541535 0.5157141089439392 888
1696441541593 0.5129566788673401 889
1696441541652 0.2744794487953186 890
1696441541713 0.2782706320285797 891
1696441541771 0.5289756655693054 892
1696441541829 0.5172287821769714 893
1696441541886 0.22496560215950012 894
1696441541944 0.3147994577884674 895
1696441542005 0.8266077041625977 896
1696441542065 0.705296516418457 897
1696441542124 0.5157723426818848 898
1696441542183 0.5111254453659058 899
1696441542240 0.3293090760707855 900
1696441542293 0.17849090695381165 901
1696441542347 0.1922873854637146 902
1696441546081 0.5096731185913086 903
1696441546139 0.1342897117137909 904
1696441546196 0.5300194621086121 905
1696441546252 0.5053901672363281 906
1696441546309 0.4288150668144226 907
1696441546366 0.1490173041820526 908
1696441546422 0.509010910987854 909
1696441546478 0.5107772946357727 910
1696441546537 0.5174440145492554 911
1696441546595 0.39666032791137695 912
1696441546654 0.5452408194541931 913
1696441546710 0.5317636132240295 914
1696441546767 0.5277023911476135 915
1696441546824 0.5156071186065674 916
1696441546880 0.5240882635116577 917
1696441546937 0.31111180782318115 918
1696441546993 0.4182347059249878 919
1696441547049 0.519075334072113 920
1696441547106 0.5265240669250488 921
1696441547163 0.5102430582046509 922
1696441547214 0.5976410508155823 923
1696441547265 0.5111997723579407 924
1696441550997 0.24052421748638153 925
1696441551055 0.10646622627973557 926
1696441551111 0.5092788934707642 927
1696441551168 0.5130423903465271 928
1696441551226 0.20574919879436493 929
1696441551283 0.5135902762413025 930
1696441551340 0.23560522496700287 931
1696441551397 0.18756413459777832 932
1696441551454 0.2123270034790039 933
1696441551511 0.2213226556777954 934
1696441551569 0.08552438020706177 935
1696441551626 0.16775178909301758 936
1696441551685 0.1425885558128357 937
1696441551744 0.2789340019226074 938
1696441551804 0.14860732853412628 939
1696441551860 0.24284301698207855 940
1696441551916 0.5363125205039978 941
1696441551971 0.6698312759399414 942
1696441552028 0.5080364942550659 943
1696441552085 0.18435996770858765 944
1696441552137 0.47394225001335144 945
1696441552189 0.38676029443740845 946
1696441555912 0.858138918876648 947
1696441555968 0.5370371341705322 948
1696441556026 0.5066714882850647 949
1696441556082 0.6485081315040588 950
1696441556138 0.5187703371047974 951
1696441556195 0.3641710877418518 952
1696441556252 0.478033185005188 953
1696441556308 0.5293918251991272 954
1696441556366 0.3322937488555908 955
1696441556424 0.2712022066116333 956
1696441556481 1.60233473777771 957
1696441556537 0.15431679785251617 958
1696441556593 0.45841318368911743 959
1696441556652 0.8244050741195679 960
1696441556709 0.5738577842712402 961
1696441556765 0.5087846517562866 962
1696441556821 0.5074004530906677 963
1696441556877 0.5133498907089233 964
1696441556932 0.5107914209365845 965
1696441556988 0.4369044899940491 966
1696441557040 0.5171394944190979 967
1696441557091 0.1986624002456665 968
1696441560815 0.39581918716430664 969
1696441560872 0.14868664741516113 970
1696441560929 0.2858768403530121 971
1696441560990 0.5112475156784058 972
1696441561047 0.20940418541431427 973
1696441561105 0.13888156414031982 974
1696441561162 0.5543375611305237 975
1696441561219 0.2537543475627899 976
1696441561275 0.71182781457901 977
1696441561331 0.5099575519561768 978
1696441561388 0.5186291933059692 979
1696441561445 0.5538023114204407 980
1696441561502 0.5108246803283691 981
1696441561560 0.1984458565711975 982
1696441561617 0.5149565935134888 983
1696441561674 0.13469207286834717 984
1696441561730 0.5099585056304932 985
1696441561787 0.179663747549057 986
1696441561844 0.19469118118286133 987
1696441561900 0.5829657316207886 988
1696441561953 0.34996896982192993 989
1696441562005 0.15489259362220764 990
1696441565732 0.5079282522201538 991
1696441565791 0.5087928175926208 992
1696441565847 0.4448099136352539 993
1696441565904 0.23718328773975372 994
1696441565960 0.5053618550300598 995
1696441566017 0.11797443777322769 996
1696441566076 0.2669408619403839 997
1696441566132 0.504839301109314 998
1696441566189 0.267447292804718 999
1696441566245 0.1780432164669037 1000
1696441566303 0.5048047304153442 1001
1696441566359 0.3154233992099762 1002
1696441566416 0.4641490876674652 1003
1696441566472 0.17245519161224365 1004
1696441566528 0.5050939917564392 1005
1696441566584 0.5918399095535278 1006
1696441566641 0.2444678395986557 1007
1696441566698 0.8138536810874939 1008
1696441566755 0.05932266637682915 1009
1696441566812 0.19419440627098083 1010
1696441566864 0.13974159955978394 1011
1696441566916 0.2069157510995865 1012
1696441570636 0.0949188768863678 1013
1696441570692 0.5103793144226074 1014
1696441570748 0.3296542465686798 1015
1696441570806 0.5204227566719055 1016
1696441570863 0.5246889591217041 1017
1696441570921 0.5193746089935303 1018
1696441570979 0.4961296617984772 1019
1696441571036 0.2431555837392807 1020
1696441571093 0.8381404876708984 1021
1696441571150 0.4915940463542938 1022
1696441571206 0.531576931476593 1023
1696441571264 0.3521471917629242 1024
1696441571322 0.3101508319377899 1025
1696441571378 0.1785087287425995 1026
1696441571435 0.1306380033493042 1027
1696441571491 0.5112615823745728 1028
1696441571547 0.5276297330856323 1029
1696441571605 0.10937480628490448 1030
1696441571664 0.13756534457206726 1031
1696441571722 0.18337205052375793 1032
1696441571776 0.5134316086769104 1033
1696441571829 0.523099958896637 1034
1696441575552 0.2909727096557617 1035
1696441575608 0.5422034859657288 1036
1696441575664 0.3781049847602844 1037
1696441575721 0.08241034299135208 1038
1696441575777 0.4424040615558624 1039
1696441575833 0.5138535499572754 1040
1696441575888 0.20523123443126678 1041
1696441575944 0.704189121723175 1042
1696441576001 0.1143389642238617 1043
1696441576060 0.2014494389295578 1044
1696441576119 0.3280019760131836 1045
1696441576175 0.8874104619026184 1046
1696441576232 0.16952693462371826 1047
1696441576288 0.10978206992149353 1048
1696441576350 0.1312164068222046 1049
1696441576406 0.45553058385849 1050
1696441576462 0.5676695704460144 1051
1696441576521 0.15192142128944397 1052
1696441576581 0.25385257601737976 1053
1696441576637 0.22895842790603638 1054
1696441576689 0.23765376210212708 1055
1696441576740 0.511688768863678 1056
1696441580561 0.5316236019134521 1057
1696441580619 0.17609283328056335 1058
1696441580677 0.535485565662384 1059
1696441580735 0.515832245349884 1060
1696441580791 0.5035853385925293 1061
1696441580847 0.6628668904304504 1062
1696441580904 0.26796090602874756 1063
1696441580960 0.08525454998016357 1064
1696441581018 0.33228400349617004 1065
1696441581076 0.1908525675535202 1066
1696441581133 0.1358247846364975 1067
1696441581190 0.5750646591186523 1068
1696441581247 0.22309766709804535 1069
1696441581304 0.06402808427810669 1070
1696441581360 0.5138723850250244 1071
1696441581417 0.5100808143615723 1072
1696441581485 0.5160956382751465 1073
1696441581542 0.5118614435195923 1074
1696441581600 0.2626330256462097 1075
1696441581659 0.23062056303024292 1076
1696441581713 0.5080702304840088 1077
1696441581766 0.50816410779953 1078
1696441585481 0.18025816977024078 1079
1696441585538 0.5060852766036987 1080
1696441585595 0.2880549430847168 1081
1696441585650 0.5120101571083069 1082
1696441585707 0.8107513189315796 1083
1696441585763 0.5105209350585938 1084
1696441585818 0.17451271414756775 1085
1696441585874 0.5051496624946594 1086
1696441585929 0.5091050267219543 1087
1696441585985 0.23901145160198212 1088
1696441586041 0.14948619902133942 1089
1696441586098 0.3026140034198761 1090
1696441586154 0.5147939324378967 1091
1696441586210 0.30448609590530396 1092
1696441586265 0.512123703956604 1093
1696441586322 0.14072057604789734 1094
1696441586380 0.20520144701004028 1095
1696441586438 0.3007897138595581 1096
1696441586494 0.5149062871932983 1097
1696441586551 0.5166159272193909 1098
1696441586603 0.08603391796350479 1099
1696441586655 0.8776074051856995 1100
