1696441344913 0.0001 1
1696441344972 0.0001 2
1696441345028 0.0001 3
1696441345090 0.0001 4
1696441345146 0.0001 5
1696441345201 0.0001 6
1696441345257 0.0001 7
1696441345314 0.0001 8
1696441345372 0.0001 9
1696441345428 0.0001 10
1696441345486 0.0001 11
1696441345543 0.0001 12
1696441345599 0.0001 13
1696441345655 0.0001 14
1696441345712 0.0001 15
1696441345769 0.0001 16
1696441345825 0.0001 17
1696441345881 0.0001 18
1696441345938 0.0001 19
1696441345994 0.0001 20
1696441346046 0.0001 21
1696441346095 0.0001 22
1696441349900 0.0001 23
1696441349957 0.0001 24
1696441350013 0.0001 25
1696441350069 0.0001 26
1696441350125 0.0001 27
1696441350181 0.0001 28
1696441350237 0.0001 29
1696441350293 0.0001 30
1696441350350 0.0001 31
1696441350407 0.0001 32
1696441350464 0.0001 33
1696441350522 0.0001 34
1696441350578 0.0001 35
1696441350634 0.0001 36
1696441350690 0.0001 37
1696441350746 0.0001 38
1696441350802 0.0001 39
1696441350858 0.0001 40
1696441350913 0.0001 41
1696441350969 0.0001 42
1696441351021 0.0001 43
1696441351077 0.0001 44
1696441354761 0.0001 45
1696441354819 0.0001 46
1696441354877 0.0001 47
1696441354934 0.0001 48
1696441354989 0.0001 49
1696441355044 0.0001 50
1696441355099 0.0001 51
1696441355154 0.0001 52
1696441355210 0.0001 53
1696441355266 0.0001 54
1696441355323 0.0001 55
1696441355379 0.0001 56
1696441355437 0.0001 57
1696441355493 0.0001 58
1696441355548 0.0001 59
1696441355604 0.0001 60
1696441355660 0.0001 61
1696441355719 0.0001 62
1696441355778 0.0001 63
1696441355837 0.0001 64
1696441355890 0.0001 65
1696441355941 0.0001 66
1696441359623 0.0001 67
1696441359679 0.0001 68
1696441359736 0.0001 69
1696441359792 0.0001 70
1696441359848 0.0001 71
1696441359903 0.0001 72
1696441359958 0.0001 73
1696441360014 0.0001 74
1696441360070 0.0001 75
1696441360125 0.0001 76
1696441360181 0.0001 77
1696441360236 0.0001 78
1696441360301 0.0001 79
1696441360357 0.0001 80
1696441360413 0.0001 81
1696441360469 0.0001 82
1696441360527 0.0001 83
1696441360583 0.0001 84
1696441360639 0.0001 85
1696441360695 0.0001 86
1696441360747 0.0001 87
1696441360800 0.0001 88
1696441364419 0.0001 89
1696441364476 0.0001 90
1696441364532 0.0001 91
1696441364591 0.0001 92
1696441364649 0.0001 93
1696441364706 0.0001 94
1696441364762 0.0001 95
1696441364818 0.0001 96
1696441364875 0.0001 97
1696441364933 0.0001 98
1696441364989 0.0001 99
1696441365044 0.0001 100
1696441365100 0.0001 101
1696441365156 0.0001 102
1696441365212 0.0001 103
1696441365268 0.0001 104
1696441365324 0.0001 105
1696441365381 0.0001 106
1696441365439 0.0001 107
1696441365495 0.0001 108
1696441365547 0.0001 109
1696441365598 0.0001 110
1696441369223 0.0001 111
1696441369279 0.0001 112
1696441369334 0.0001 113
1696441369390 0.0001 114
1696441369447 0.0001 115
1696441369509 0.0001 116
1696441369566 0.0001 117
1696441369622 0.0001 118
1696441369678 0.0001 119
1696441369733 0.0001 120
1696441369789 0.0001 121
1696441369844 0.0001 122
1696441369900 0.0001 123
1696441369955 0.0001 124
1696441370012 0.0001 125
1696441370069 0.0001 126
1696441370126 0.0001 127
1696441370182 0.0001 128
1696441370238 0.0001 129
1696441370295 0.0001 130
1696441370348 0.0001 131
1696441370399 0.0001 132
1696441374109 0.0001 133
1696441374167 0.0001 134
1696441374224 0.0001 135
1696441374282 0.0001 136
1696441374339 0.0001 137
1696441374396 0.0001 138
1696441374454 0.0001 139
1696441374511 0.0001 140
1696441374568 0.0001 141
1696441374635 0.0001 142
1696441374691 0.0001 143
1696441374749 0.0001 144
1696441374806 0.0001 145
1696441374863 0.0001 146
1696441374919 0.0001 147
1696441374976 0.0001 148
1696441375032 0.0001 149
1696441375088 0.0001 150
1696441375145 0.0001 151
1696441375202 0.0001 152
1696441375255 0.0001 153
1696441375306 0.0001 154
1696441379216 0.0001 155
1696441379273 0.0001 156
1696441379329 0.0001 157
1696441379385 0.0001 158
1696441379442 0.0001 159
1696441379501 0.0001 160
1696441379558 0.0001 161
1696441379613 0.0001 162
1696441379669 0.0001 163
1696441379727 0.0001 164
1696441379784 0.0001 165
1696441379839 0.0001 166
1696441379894 0.0001 167
1696441379950 0.0001 168
1696441380006 0.0001 169
1696441380063 0.0001 170
1696441380118 0.0001 171
1696441380174 0.0001 172
1696441380230 0.0001 173
1696441380287 0.0001 174
1696441380339 0.0001 175
1696441380392 0.0001 176
1696441384096 0.0001 177
1696441384152 0.0001 178
1696441384208 0.0001 179
1696441384265 0.0001 180
1696441384321 0.0001 181
1696441384377 0.0001 182
1696441384434 0.0001 183
1696441384496 0.0001 184
1696441384552 0.0001 185
1696441384608 0.0001 186
1696441384664 0.0001 187
1696441384720 0.0001 188
1696441384777 0.0001 189
1696441384833 0.0001 190
1696441384889 0.0001 191
1696441384945 0.0001 192
1696441385000 0.0001 193
1696441385056 0.0001 194
1696441385112 0.0001 195
1696441385168 0.0001 196
1696441385219 0.0001 197
1696441385271 0.0001 198
1696441388925 0.0001 199
1696441388981 0.0001 200
1696441389037 0.0001 201
1696441389093 0.0001 202
1696441389149 0.0001 203
1696441389205 0.0001 204
1696441389261 0.0001 205
1696441389317 0.0001 206
1696441389373 0.0001 207
1696441389430 0.0001 208
1696441389486 0.0001 209
1696441389542 0.0001 210
1696441389600 0.0001 211
1696441389657 0.0001 212
1696441389712 0.0001 213
1696441389767 0.0001 214
1696441389824 0.0001 215
1696441389883 0.0001 216
1696441389940 0.0001 217
1696441389997 0.0001 218
1696441390049 0.0001 219
1696441390100 0.0001 220
1696441393762 0.0001 221
1696441393819 0.0001 222
1696441393875 0.0001 223
1696441393931 0.0001 224
1696441393987 0.0001 225
1696441394047 0.0001 226
1696441394104 0.0001 227
1696441394160 0.0001 228
1696441394217 0.0001 229
1696441394273 0.0001 230
1696441394328 0.0001 231
1696441394384 0.0001 232
1696441394441 0.0001 233
1696441394497 0.0001 234
1696441394554 0.0001 235
1696441394613 0.0001 236
1696441394669 0.0001 237
1696441394727 0.0001 238
1696441394786 0.0001 239
1696441394845 0.0001 240
1696441394898 0.0001 241
1696441394949 0.0001 242
1696441398619 0.0001 243
1696441398679 0.0001 244
1696441398740 0.0001 245
1696441398798 0.0001 246
1696441398857 0.0001 247
1696441398916 0.0001 248
1696441398975 0.0001 249
1696441399033 0.0001 250
1696441399091 0.0001 251
1696441399150 0.0001 252
1696441399208 0.0001 253
1696441399267 0.0001 254
1696441399326 0.0001 255
1696441399384 0.0001 256
1696441399442 0.0001 257
1696441399503 0.0001 258
1696441399567 0.0001 259
1696441399629 0.0001 260
1696441399693 0.0001 261
1696441399751 0.0001 262
1696441399802 0.0001 263
1696441399853 0.0001 264
1696441403528 0.0001 265
1696441403587 0.0001 266
1696441403645 0.0001 267
1696441403704 0.0001 268
1696441403762 0.0001 269
1696441403819 0.0001 270
1696441403877 0.0001 271
1696441403937 0.0001 272
1696441403996 0.0001 273
1696441404056 0.0001 274
1696441404115 0.0001 275
1696441404174 0.0001 276
1696441404232 0.0001 277
1696441404290 0.0001 278
1696441404348 0.0001 279
1696441404406 0.0001 280
1696441404462 0.0001 281
1696441404519 0.0001 282
1696441404577 0.0001 283
1696441404637 0.0001 284
1696441404688 0.0001 285
1696441404739 0.0001 286
1696441408498 0.0001 287
1696441408554 0.0001 288
1696441408610 0.0001 289
1696441408668 0.0001 290
1696441408725 0.0001 291
1696441408783 0.0001 292
1696441408840 0.0001 293
1696441408896 0.0001 294
1696441408953 0.0001 295
1696441409009 0.0001 296
1696441409066 0.0001 297
1696441409122 0.0001 298
1696441409178 0.0001 299
1696441409234 0.0001 300
1696441409290 0.0001 301
1696441409346 0.0001 302
1696441409411 0.0001 303
1696441409468 0.0001 304
1696441409525 0.0001 305
1696441409580 0.0001 306
1696441409631 0.0001 307
1696441409683 0.0001 308
1696441413371 0.0001 309
1696441413428 0.0001 310
1696441413484 0.0001 311
1696441413540 0.0001 312
1696441413596 0.0001 313
1696441413652 0.0001 314
1696441413710 0.0001 315
1696441413766 0.0001 316
1696441413822 0.0001 317
1696441413878 0.0001 318
1696441413935 0.0001 319
1696441413992 0.0001 320
1696441414048 0.0001 321
1696441414105 0.0001 322
1696441414161 0.0001 323
1696441414217 0.0001 324
1696441414275 0.0001 325
1696441414331 0.0001 326
1696441414386 0.0001 327
1696441414445 0.0001 328
1696441414497 0.0001 329
1696441414549 0.0001 330
1696441418239 0.0001 331
1696441418295 0.0001 332
1696441418353 0.0001 333
1696441418409 0.0001 334
1696441418465 0.0001 335
1696441418523 0.0001 336
1696441418579 0.0001 337
1696441418636 0.0001 338
1696441418692 0.0001 339
1696441418748 0.0001 340
1696441418804 0.0001 341
1696441418859 0.0001 342
1696441418915 0.0001 343
1696441418972 0.0001 344
1696441419029 0.0001 345
1696441419085 0.0001 346
1696441419142 0.0001 347
1696441419198 0.0001 348
1696441419253 0.0001 349
1696441419310 0.0001 350
1696441419362 0.0001 351
1696441419413 0.0001 352
1696441423091 0.0001 353
1696441423148 0.0001 354
1696441423204 0.0001 355
1696441423261 0.0001 356
1696441423320 0.0001 357
1696441423377 0.0001 358
1696441423433 0.0001 359
1696441423491 0.0001 360
1696441423549 0.0001 361
1696441423605 0.0001 362
1696441423661 0.0001 363
1696441423722 0.0001 364
1696441423780 0.0001 365
1696441423835 0.0001 366
1696441423891 0.0001 367
1696441423946 0.0001 368
1696441424002 0.0001 369
1696441424059 0.0001 370
1696441424114 0.0001 371
1696441424170 0.0001 372
1696441424223 0.0001 373
1696441424274 0.0001 374
1696441427976 0.0001 375
1696441428031 0.0001 376
1696441428087 0.0001 377
1696441428144 0.0001 378
1696441428199 0.0001 379
1696441428255 0.0001 380
1696441428313 0.0001 381
1696441428380 0.0001 382
1696441428437 0.0001 383
1696441428494 0.0001 384
1696441428552 0.0001 385
1696441428611 0.0001 386
1696441428670 0.0001 387
1696441428727 0.0001 388
1696441428783 0.0001 389
1696441428839 0.0001 390
1696441428900 0.0001 391
1696441428955 0.0001 392
1696441429011 0.0001 393
1696441429068 0.0001 394
1696441429121 0.0001 395
1696441429172 0.0001 396
1696441432859 0.0001 397
1696441432915 0.0001 398
1696441432971 0.0001 399
1696441433028 0.0001 400
1696441433085 0.0001 401
1696441433142 0.0001 402
1696441433198 0.0001 403
1696441433254 0.0001 404
1696441433310 0.0001 405
1696441433367 0.0001 406
1696441433425 0.0001 407
1696441433482 0.0001 408
1696441433539 0.0001 409
1696441433595 0.0001 410
1696441433651 0.0001 411
1696441433709 0.0001 412
1696441433767 0.0001 413
1696441433824 0.0001 414
1696441433880 0.0001 415
1696441433936 0.0001 416
1696441433989 0.0001 417
1696441434040 0.0001 418
1696441437803 0.0001 419
1696441437860 0.0001 420
1696441437917 0.0001 421
1696441437972 0.0001 422
1696441438028 0.0001 423
1696441438085 0.0001 424
1696441438141 0.0001 425
1696441438198 0.0001 426
1696441438254 0.0001 427
1696441438311 0.0001 428
1696441438367 0.0001 429
1696441438425 0.0001 430
1696441438482 0.0001 431
1696441438539 0.0001 432
1696441438595 0.0001 433
1696441438653 0.0001 434
1696441438710 0.0001 435
1696441438766 0.0001 436
1696441438823 0.0001 437
1696441438881 0.0001 438
1696441438934 0.0001 439
1696441438986 0.0001 440
1696441442776 0.0001 441
1696441442833 0.0001 442
1696441442891 0.0001 443
1696441442948 0.0001 444
1696441443007 0.0001 445
1696441443065 0.0001 446
1696441443122 0.0001 447
1696441443181 0.0001 448
1696441443238 0.0001 449
1696441443295 0.0001 450
1696441443352 0.0001 451
1696441443408 0.0001 452
1696441443465 0.0001 453
1696441443522 0.0001 454
1696441443577 0.0001 455
1696441443636 0.0001 456
1696441443693 0.0001 457
1696441443751 0.0001 458
1696441443807 0.0001 459
1696441443865 0.0001 460
1696441443918 0.0001 461
1696441443971 0.0001 462
1696441447837 0.0001 463
1696441447896 0.0001 464
1696441447953 0.0001 465
1696441448009 0.0001 466
1696441448066 0.0001 467
1696441448125 0.0001 468
1696441448183 0.0001 469
1696441448239 0.0001 470
1696441448296 0.0001 471
1696441448353 0.0001 472
1696441448409 0.0001 473
1696441448464 0.0001 474
1696441448521 0.0001 475
1696441448579 0.0001 476
1696441448638 0.0001 477
1696441448694 0.0001 478
1696441448749 0.0001 479
1696441448805 0.0001 480
1696441448861 0.0001 481
1696441448917 0.0001 482
1696441448969 0.0001 483
1696441449020 0.0001 484
1696441452734 0.0001 485
1696441452791 0.0001 486
1696441452848 0.0001 487
1696441452904 0.0001 488
1696441452962 0.0001 489
1696441453019 0.0001 490
1696441453075 0.0001 491
1696441453131 0.0001 492
1696441453187 0.0001 493
1696441453244 0.0001 494
1696441453302 0.0001 495
1696441453361 0.0001 496
1696441453419 0.0001 497
1696441453477 0.0001 498
1696441453534 0.0001 499
1696441453590 0.0001 500
1696441453647 0.0001 501
1696441453703 0.0001 502
1696441453760 0.0001 503
1696441453816 0.0001 504
1696441453867 0.0001 505
1696441453919 0.0001 506
1696441457625 0.0001 507
1696441457682 0.0001 508
1696441457740 0.0001 509
1696441457796 0.0001 510
1696441457853 0.0001 511
1696441457909 0.0001 512
1696441457965 0.0001 513
1696441458021 0.0001 514
1696441458077 0.0001 515
1696441458134 0.0001 516
1696441458189 0.0001 517
1696441458245 0.0001 518
1696441458301 0.0001 519
1696441458357 0.0001 520
1696441458413 0.0001 521
1696441458470 0.0001 522
1696441458526 0.0001 523
1696441458583 0.0001 524
1696441458639 0.0001 525
1696441458698 0.0001 526
1696441458754 0.0001 527
1696441458807 0.0001 528
1696441462505 0.0001 529
1696441462561 0.0001 530
1696441462618 0.0001 531
1696441462675 0.0001 532
1696441462731 0.0001 533
1696441462787 0.0001 534
1696441462843 0.0001 535
1696441462899 0.0001 536
1696441462956 0.0001 537
1696441463012 0.0001 538
1696441463069 0.0001 539
1696441463125 0.0001 540
1696441463180 0.0001 541
1696441463236 0.0001 542
1696441463292 0.0001 543
1696441463347 0.0001 544
1696441463403 0.0001 545
1696441463459 0.0001 546
1696441463516 0.0001 547
1696441463572 0.0001 548
1696441463624 0.0001 549
1696441463678 0.0001 550
1696441467402 0.0001 551
1696441467458 0.0001 552
1696441467515 0.0001 553
1696441467576 0.0001 554
1696441467632 0.0001 555
1696441467689 0.0001 556
1696441467745 0.0001 557
1696441467804 0.0001 558
1696441467861 0.0001 559
1696441467917 0.0001 560
1696441467975 0.0001 561
1696441468032 0.0001 562
1696441468088 0.0001 563
1696441468143 0.0001 564
1696441468199 0.0001 565
1696441468255 0.0001 566
1696441468312 0.0001 567
1696441468368 0.0001 568
1696441468424 0.0001 569
1696441468480 0.0001 570
1696441468534 0.0001 571
1696441468585 0.0001 572
1696441472300 0.0001 573
1696441472357 0.0001 574
1696441472416 0.0001 575
1696441472474 0.0001 576
1696441472530 0.0001 577
1696441472587 0.0001 578
1696441472644 0.0001 579
1696441472701 0.0001 580
1696441472756 0.0001 581
1696441472813 0.0001 582
1696441472869 0.0001 583
1696441472930 0.0001 584
1696441472986 0.0001 585
1696441473042 0.0001 586
1696441473098 0.0001 587
1696441473155 0.0001 588
1696441473212 0.0001 589
1696441473268 0.0001 590
1696441473324 0.0001 591
1696441473381 0.0001 592
1696441473433 0.0001 593
1696441473484 0.0001 594
1696441477186 0.0001 595
1696441477244 0.0001 596
1696441477302 0.0001 597
1696441477359 0.0001 598
1696441477416 0.0001 599
1696441477474 0.0001 600
1696441477531 0.0001 601
1696441477589 0.0001 602
1696441477647 0.0001 603
1696441477705 0.0001 604
1696441477761 0.0001 605
1696441477817 0.0001 606
1696441477874 0.0001 607
1696441477930 0.0001 608
1696441477986 0.0001 609
1696441478051 0.0001 610
1696441478108 0.0001 611
1696441478164 0.0001 612
1696441478220 0.0001 613
1696441478278 0.0001 614
1696441478330 0.0001 615
1696441478382 0.0001 616
1696441482093 0.0001 617
1696441482152 0.0001 618
1696441482210 0.0001 619
1696441482267 0.0001 620
1696441482326 0.0001 621
1696441482383 0.0001 622
1696441482440 0.0001 623
1696441482498 0.0001 624
1696441482555 0.0001 625
1696441482612 0.0001 626
1696441482671 0.0001 627
1696441482727 0.0001 628
1696441482783 0.0001 629
1696441482842 0.0001 630
1696441482898 0.0001 631
1696441482953 0.0001 632
1696441483010 0.0001 633
1696441483066 0.0001 634
1696441483122 0.0001 635
1696441483179 0.0001 636
1696441483232 0.0001 637
1696441483284 0.0001 638
1696441486995 0.0001 639
1696441487051 0.0001 640
1696441487108 0.0001 641
1696441487165 0.0001 642
1696441487222 0.0001 643
1696441487278 0.0001 644
1696441487336 0.0001 645
1696441487393 0.0001 646
1696441487451 0.0001 647
1696441487508 0.0001 648
1696441487565 0.0001 649
1696441487622 0.0001 650
1696441487682 0.0001 651
1696441487738 0.0001 652
1696441487794 0.0001 653
1696441487851 0.0001 654
1696441487908 0.0001 655
1696441487964 0.0001 656
1696441488020 0.0001 657
1696441488076 0.0001 658
1696441488128 0.0001 659
1696441488180 0.0001 660
1696441491899 0.0001 661
1696441491955 0.0001 662
1696441492012 0.0001 663
1696441492068 0.0001 664
1696441492125 0.0001 665
1696441492182 0.0001 666
1696441492238 0.0001 667
1696441492296 0.0001 668
1696441492353 0.0001 669
1696441492410 0.0001 670
1696441492468 0.0001 671
1696441492525 0.0001 672
1696441492583 0.0001 673
1696441492642 0.0001 674
1696441492702 0.0001 675
1696441492758 0.0001 676
1696441492814 0.0001 677
1696441492871 0.0001 678
1696441492929 0.0001 679
1696441492985 0.0001 680
1696441493037 0.0001 681
1696441493089 0.0001 682
1696441496787 0.0001 683
1696441496843 0.0001 684
1696441496899 0.0001 685
1696441496955 0.0001 686
1696441497012 0.0001 687
1696441497069 0.0001 688
1696441497126 0.0001 689
1696441497183 0.0001 690
1696441497239 0.0001 691
1696441497296 0.0001 692
1696441497353 0.0001 693
1696441497410 0.0001 694
1696441497470 0.0001 695
1696441497528 0.0001 696
1696441497586 0.0001 697
1696441497644 0.0001 698
1696441497702 0.0001 699
1696441497758 0.0001 700
1696441497814 0.0001 701
1696441497870 0.0001 702
1696441497921 0.0001 703
1696441497972 0.0001 704
1696441501714 0.0001 705
1696441501774 0.0001 706
1696441501829 0.0001 707
1696441501886 0.0001 708
1696441501942 0.0001 709
1696441501998 0.0001 710
1696441502054 0.0001 711
1696441502111 0.0001 712
1696441502168 0.0001 713
1696441502225 0.0001 714
1696441502282 0.0001 715
1696441502339 0.0001 716
1696441502397 0.0001 717
1696441502457 0.0001 718
1696441502516 0.0001 719
1696441502575 0.0001 720
1696441502637 0.0001 721
1696441502695 0.0001 722
1696441502754 0.0001 723
1696441502812 0.0001 724
1696441502865 0.0001 725
1696441502916 0.0001 726
1696441506611 0.0001 727
1696441506669 0.0001 728
1696441506726 0.0001 729
1696441506783 0.0001 730
1696441506841 0.0001 731
1696441506898 0.0001 732
1696441506954 0.0001 733
1696441507010 0.0001 734
1696441507065 0.0001 735
1696441507122 0.0001 736
1696441507179 0.0001 737
1696441507235 0.0001 738
1696441507292 0.0001 739
1696441507348 0.0001 740
1696441507405 0.0001 741
1696441507462 0.0001 742
1696441507518 0.0001 743
1696441507574 0.0001 744
1696441507629 0.0001 745
1696441507687 0.0001 746
1696441507744 0.0001 747
1696441507796 0.0001 748
1696441511499 0.0001 749
1696441511557 0.0001 750
1696441511614 0.0001 751
1696441511673 0.0001 752
1696441511732 0.0001 753
1696441511789 0.0001 754
1696441511847 0.0001 755
1696441511904 0.0001 756
1696441511962 0.0001 757
1696441512020 0.0001 758
1696441512077 0.0001 759
1696441512134 0.0001 760
1696441512191 0.0001 761
1696441512247 0.0001 762
1696441512304 0.0001 763
1696441512363 0.0001 764
1696441512420 0.0001 765
1696441512477 0.0001 766
1696441512535 0.0001 767
1696441512591 0.0001 768
1696441512644 0.0001 769
1696441512696 0.0001 770
1696441516552 0.0001 771
1696441516609 0.0001 772
1696441516666 0.0001 773
1696441516724 0.0001 774
1696441516780 0.0001 775
1696441516837 0.0001 776
1696441516894 0.0001 777
1696441516952 0.0001 778
1696441517008 0.0001 779
1696441517065 0.0001 780
1696441517122 0.0001 781
1696441517181 0.0001 782
1696441517239 0.0001 783
1696441517297 0.0001 784
1696441517353 0.0001 785
1696441517409 0.0001 786
1696441517466 0.0001 787
1696441517523 0.0001 788
1696441517581 0.0001 789
1696441517639 0.0001 790
1696441517694 0.0001 791
1696441517747 0.0001 792
1696441521434 0.0001 793
1696441521491 0.0001 794
1696441521548 0.0001 795
1696441521604 0.0001 796
1696441521661 0.0001 797
1696441521717 0.0001 798
1696441521774 0.0001 799
1696441521835 0.0001 800
1696441521894 0.0001 801
1696441521952 0.0001 802
1696441522010 0.0001 803
1696441522066 0.0001 804
1696441522122 0.0001 805
1696441522179 0.0001 806
1696441522236 0.0001 807
1696441522293 0.0001 808
1696441522349 0.0001 809
1696441522405 0.0001 810
1696441522462 0.0001 811
1696441522519 0.0001 812
1696441522573 0.0001 813
1696441522624 0.0001 814
1696441526347 0.0001 815
1696441526403 0.0001 816
1696441526460 0.0001 817
1696441526518 0.0001 818
1696441526576 0.0001 819
1696441526633 0.0001 820
1696441526689 0.0001 821
1696441526745 0.0001 822
1696441526801 0.0001 823
1696441526859 0.0001 824
1696441526916 0.0001 825
1696441526973 0.0001 826
1696441527030 0.0001 827
1696441527088 0.0001 828
1696441527145 0.0001 829
1696441527203 0.0001 830
1696441527260 0.0001 831
1696441527317 0.0001 832
1696441527375 0.0001 833
1696441527434 0.0001 834
1696441527487 0.0001 835
1696441527540 0.0001 836
1696441531264 0.0001 837
1696441531321 0.0001 838
1696441531378 0.0001 839
1696441531436 0.0001 840
1696441531495 0.0001 841
1696441531553 0.0001 842
1696441531610 0.0001 843
1696441531668 0.0001 844
1696441531725 0.0001 845
1696441531782 0.0001 846
1696441531839 0.0001 847
1696441531896 0.0001 848
1696441531953 0.0001 849
1696441532010 0.0001 850
1696441532066 0.0001 851
1696441532123 0.0001 852
1696441532180 0.0001 853
1696441532238 0.0001 854
1696441532297 0.0001 855
1696441532356 0.0001 856
1696441532409 0.0001 857
1696441532462 0.0001 858
1696441536187 0.0001 859
1696441536243 0.0001 860
1696441536298 0.0001 861
1696441536354 0.0001 862
1696441536415 0.0001 863
1696441536473 0.0001 864
1696441536529 0.0001 865
1696441536585 0.0001 866
1696441536642 0.0001 867
1696441536700 0.0001 868
1696441536758 0.0001 869
1696441536815 0.0001 870
1696441536872 0.0001 871
1696441536929 0.0001 872
1696441536986 0.0001 873
1696441537043 0.0001 874
1696441537099 0.0001 875
1696441537154 0.0001 876
1696441537210 0.0001 877
1696441537266 0.0001 878
1696441537317 0.0001 879
1696441537368 0.0001 880
1696441541137 0.0001 881
1696441541194 0.0001 882
1696441541251 0.0001 883
1696441541307 0.0001 884
1696441541363 0.0001 885
1696441541419 0.0001 886
1696441541476 0.0001 887
1696441541537 0.0001 888
1696441541595 0.0001 889
1696441541654 0.0001 890
1696441541715 0.0001 891
1696441541773 0.0001 892
1696441541831 0.0001 893
1696441541888 0.0001 894
1696441541946 0.0001 895
1696441542007 0.0001 896
1696441542067 0.0001 897
1696441542126 0.0001 898
1696441542185 0.0001 899
1696441542242 0.0001 900
1696441542295 0.0001 901
1696441542349 0.0001 902
1696441546082 0.0001 903
1696441546141 0.0001 904
1696441546198 0.0001 905
1696441546254 0.0001 906
1696441546311 0.0001 907
1696441546368 0.0001 908
1696441546424 0.0001 909
1696441546480 0.0001 910
1696441546538 0.0001 911
1696441546597 0.0001 912
1696441546656 0.0001 913
1696441546712 0.0001 914
1696441546769 0.0001 915
1696441546825 0.0001 916
1696441546881 0.0001 917
1696441546938 0.0001 918
1696441546995 0.0001 919
1696441547051 0.0001 920
1696441547108 0.0001 921
1696441547164 0.0001 922
1696441547216 0.0001 923
1696441547267 0.0001 924
1696441550999 0.0001 925
1696441551056 0.0001 926
1696441551113 0.0001 927
1696441551170 0.0001 928
1696441551228 0.0001 929
1696441551285 0.0001 930
1696441551342 0.0001 931
1696441551399 0.0001 932
1696441551456 0.0001 933
1696441551513 0.0001 934
1696441551571 0.0001 935
1696441551628 0.0001 936
1696441551687 0.0001 937
1696441551745 0.0001 938
1696441551806 0.0001 939
1696441551862 0.0001 940
1696441551917 0.0001 941
1696441551973 0.0001 942
1696441552030 0.0001 943
1696441552087 0.0001 944
1696441552139 0.0001 945
1696441552191 0.0001 946
1696441555914 0.0001 947
1696441555970 0.0001 948
1696441556027 0.0001 949
1696441556084 0.0001 950
1696441556140 0.0001 951
1696441556197 0.0001 952
1696441556253 0.0001 953
1696441556310 0.0001 954
1696441556368 0.0001 955
1696441556426 0.0001 956
1696441556483 0.0001 957
1696441556539 0.0001 958
1696441556595 0.0001 959
1696441556654 0.0001 960
1696441556711 0.0001 961
1696441556767 0.0001 962
1696441556823 0.0001 963
1696441556878 0.0001 964
1696441556934 0.0001 965
1696441556990 0.0001 966
1696441557041 0.0001 967
1696441557093 0.0001 968
1696441560817 0.0001 969
1696441560874 0.0001 970
1696441560931 0.0001 971
1696441560991 0.0001 972
1696441561048 0.0001 973
1696441561106 0.0001 974
1696441561163 0.0001 975
1696441561220 0.0001 976
1696441561277 0.0001 977
1696441561333 0.0001 978
1696441561389 0.0001 979
1696441561447 0.0001 980
1696441561504 0.0001 981
1696441561562 0.0001 982
1696441561619 0.0001 983
1696441561676 0.0001 984
1696441561732 0.0001 985
1696441561788 0.0001 986
1696441561846 0.0001 987
1696441561902 0.0001 988
1696441561954 0.0001 989
1696441562007 0.0001 990
1696441565734 0.0001 991
1696441565792 0.0001 992
1696441565849 0.0001 993
1696441565905 0.0001 994
1696441565962 0.0001 995
1696441566019 0.0001 996
1696441566078 0.0001 997
1696441566134 0.0001 998
1696441566190 0.0001 999
1696441566247 0.0001 1000
1696441566304 0.0001 1001
1696441566361 0.0001 1002
1696441566418 0.0001 1003
1696441566474 0.0001 1004
1696441566529 0.0001 1005
1696441566585 0.0001 1006
1696441566643 0.0001 1007
1696441566700 0.0001 1008
1696441566757 0.0001 1009
1696441566814 0.0001 1010
1696441566866 0.0001 1011
1696441566917 0.0001 1012
1696441570638 0.0001 1013
1696441570694 0.0001 1014
1696441570750 0.0001 1015
1696441570807 0.0001 1016
1696441570865 0.0001 1017
1696441570922 0.0001 1018
1696441570980 0.0001 1019
1696441571037 0.0001 1020
1696441571094 0.0001 1021
1696441571151 0.0001 1022
1696441571208 0.0001 1023
1696441571266 0.0001 1024
1696441571323 0.0001 1025
1696441571380 0.0001 1026
1696441571436 0.0001 1027
1696441571493 0.0001 1028
1696441571549 0.0001 1029
1696441571607 0.0001 1030
1696441571665 0.0001 1031
1696441571724 0.0001 1032
1696441571778 0.0001 1033
1696441571831 0.0001 1034
1696441575554 0.0001 1035
1696441575610 0.0001 1036
1696441575666 0.0001 1037
1696441575722 0.0001 1038
1696441575779 0.0001 1039
1696441575834 0.0001 1040
1696441575890 0.0001 1041
1696441575946 0.0001 1042
1696441576003 0.0001 1043
1696441576062 0.0001 1044
1696441576121 0.0001 1045
1696441576177 0.0001 1046
1696441576234 0.0001 1047
1696441576290 0.0001 1048
1696441576351 0.0001 1049
1696441576407 0.0001 1050
1696441576464 0.0001 1051
1696441576523 0.0001 1052
1696441576582 0.0001 1053
1696441576639 0.0001 1054
1696441576691 0.0001 1055
1696441576742 0.0001 1056
1696441580563 0.0001 1057
1696441580620 0.0001 1058
1696441580679 0.0001 1059
1696441580736 0.0001 1060
1696441580793 0.0001 1061
1696441580849 0.0001 1062
1696441580905 0.0001 1063
1696441580962 0.0001 1064
1696441581020 0.0001 1065
1696441581078 0.0001 1066
1696441581135 0.0001 1067
1696441581192 0.0001 1068
1696441581249 0.0001 1069
1696441581306 0.0001 1070
1696441581362 0.0001 1071
1696441581419 0.0001 1072
1696441581487 0.0001 1073
1696441581544 0.0001 1074
1696441581602 0.0001 1075
1696441581660 0.0001 1076
1696441581714 0.0001 1077
1696441581768 0.0001 1078
1696441585483 0.0001 1079
1696441585540 0.0001 1080
1696441585596 0.0001 1081
1696441585652 0.0001 1082
1696441585709 0.0001 1083
1696441585764 0.0001 1084
1696441585820 0.0001 1085
1696441585876 0.0001 1086
1696441585931 0.0001 1087
1696441585986 0.0001 1088
1696441586042 0.0001 1089
1696441586099 0.0001 1090
1696441586155 0.0001 1091
1696441586211 0.0001 1092
1696441586267 0.0001 1093
1696441586324 0.0001 1094
1696441586382 0.0001 1095
1696441586439 0.0001 1096
1696441586496 0.0001 1097
1696441586553 0.0001 1098
1696441586605 0.0001 1099
1696441586657 0.0001 1100
