1696441346099 0.6649709939956665 1
1696441351079 0.6151670813560486 2
1696441355944 0.5507161617279053 3
1696441360803 0.3042164146900177 4
1696441365600 0.6250489354133606 5
1696441370402 0.5496596693992615 6
1696441375309 0.7099875807762146 7
1696441380394 0.7186482548713684 8
1696441385273 0.553176999092102 9
1696441390102 0.47419148683547974 10
1696441394951 0.6107848286628723 11
1696441399855 0.39131298661231995 12
1696441404742 0.5788349509239197 13
1696441409686 0.6175143122673035 14
1696441414551 0.5957773327827454 15
1696441419416 0.532362163066864 16
1696441424277 0.6389257907867432 17
1696441429174 0.645892858505249 18
1696441434043 0.7510721683502197 19
1696441438989 0.6047912836074829 20
1696441443973 0.5073667764663696 21
1696441449023 0.7386942505836487 22
1696441453921 0.5673134922981262 23
1696441458809 0.710451602935791 24
1696441463681 0.6234541535377502 25
1696441468588 0.5884611010551453 26
1696441473486 0.6200298070907593 27
1696441478384 0.6684082746505737 28
1696441483287 0.5229856967926025 29
1696441488183 0.4103301167488098 30
1696441493091 0.49845826625823975 31
1696441497974 0.7772497534751892 32
1696441502919 0.5082993507385254 33
1696441507798 0.48857831954956055 34
1696441512698 0.6268402934074402 35
1696441517749 0.6845108270645142 36
1696441522627 0.6258105039596558 37
1696441527543 0.5396137833595276 38
1696441532465 0.5744404196739197 39
1696441537371 0.4900844991207123 40
1696441542352 0.6739712357521057 41
1696441547269 0.7399002909660339 42
1696441552193 0.7369322180747986 43
1696441557095 0.4185360372066498 44
1696441562009 0.7371540069580078 45
1696441566920 0.6799553036689758 46
1696441571833 0.6019840240478516 47
1696441576744 0.6221212148666382 48
1696441581771 0.7280495762825012 49
1696441586659 0.7458059787750244 50
