1695668142856 0.7036254405975342 1
1695668142899 0.4805964529514313 2
1695668142938 0.4758146405220032 3
1695668142978 0.4908795952796936 4
1695668143012 0.669072151184082 5
1695668143046 0.6609289646148682 6
1695668144733 0.5953896045684814 7
1695668144772 0.7315874099731445 8
1695668144811 0.4216485023498535 9
1695668144849 0.6851551532745361 10
1695668144883 0.6467762589454651 11
1695668144916 0.6418486833572388 12
1695668146460 0.6973469257354736 13
1695668146498 0.6912285685539246 14
1695668146536 0.617156982421875 15
1695668146573 0.6437474489212036 16
1695668146606 0.6731303334236145 17
1695668146640 0.5161570310592651 18
1695668148139 0.5414572358131409 19
1695668148179 0.5073931813240051 20
1695668148218 0.6311160326004028 21
1695668148258 0.6095618009567261 22
1695668148292 0.5006095767021179 23
1695668148326 0.5424366593360901 24
1695668149932 0.6571422815322876 25
1695668149971 0.5685958862304688 26
1695668150010 0.6431819796562195 27
1695668150048 0.6454769372940063 28
1695668150081 0.6567128896713257 29
1695668150115 0.6513299345970154 30
1695668151709 0.5908398032188416 31
1695668151748 0.4408020079135895 32
1695668151787 0.5467287302017212 33
1695668151826 0.5208044052124023 34
1695668151859 0.5511457920074463 35
1695668151891 0.6288520097732544 36
1695668153470 0.6320658922195435 37
1695668153508 0.6371051073074341 38
1695668153547 0.6791766285896301 39
1695668153586 0.693809986114502 40
1695668153622 0.6283649802207947 41
1695668153658 0.6726127862930298 42
1695668155247 0.6411234736442566 43
1695668155285 0.6295039057731628 44
1695668155324 0.48461493849754333 45
1695668155361 0.6615039110183716 46
1695668155395 0.5241133570671082 47
1695668155428 0.679757833480835 48
1695668156943 0.6124075055122375 49
1695668156982 0.6295920610427856 50
1695668157020 0.4676237404346466 51
1695668157060 0.5977074503898621 52
1695668157094 0.6552087068557739 53
1695668157129 0.6053798794746399 54
1695668158639 0.6167820692062378 55
1695668158678 0.5530420541763306 56
1695668158716 0.6280443072319031 57
1695668158754 0.714934229850769 58
1695668158787 0.6225841045379639 59
1695668158819 1.0549194812774658 60
1695668160324 0.41058021783828735 61
1695668160364 0.48064643144607544 62
1695668160403 0.6304020881652832 63
1695668160442 0.6178776025772095 64
1695668160476 0.5529031753540039 65
1695668160510 0.5303542613983154 66
1695668162021 0.5888826251029968 67
1695668162060 0.6352643370628357 68
1695668162098 0.7187240719795227 69
1695668162137 0.6360002756118774 70
1695668162170 0.5797325372695923 71
1695668162203 0.638690710067749 72
1695668163720 0.721075177192688 73
1695668163761 0.6023935079574585 74
1695668163802 0.6059626340866089 75
1695668163843 0.6431275010108948 76
1695668163881 0.6270607709884644 77
1695668163921 0.6643763780593872 78
1695668165479 0.6117649078369141 79
1695668165521 0.5973330140113831 80
1695668165560 0.5475161075592041 81
1695668165598 0.5720356702804565 82
1695668165632 0.4417896866798401 83
1695668165666 0.6331633925437927 84
1695668167176 0.6681568026542664 85
1695668167215 0.5679815411567688 86
1695668167253 0.6461799144744873 87
1695668167291 0.7326805591583252 88
1695668167325 0.6200902462005615 89
1695668167357 0.6133750081062317 90
1695668168876 0.6294304132461548 91
1695668168916 0.5196950435638428 92
1695668168955 0.4816180467605591 93
1695668168993 0.6217370629310608 94
1695668169027 0.6253439784049988 95
1695668169060 0.48205167055130005 96
1695668170619 0.5987200736999512 97
1695668170658 0.6584361791610718 98
1695668170696 0.6240420341491699 99
1695668170734 0.5932316184043884 100
1695668170769 0.7639166116714478 101
1695668170803 0.6611862778663635 102
1695668172333 0.6003081798553467 103
1695668172372 0.6295382976531982 104
1695668172411 0.6253312826156616 105
1695668172450 0.5188679695129395 106
1695668172483 0.6392260193824768 107
1695668172517 0.6447277665138245 108
1695668174053 0.5500228404998779 109
1695668174095 0.6631473302841187 110
1695668174138 0.6009035110473633 111
1695668174180 0.6329581141471863 112
1695668174214 0.6102178692817688 113
1695668174248 0.5886344909667969 114
1695668175791 0.5024943351745605 115
1695668175831 0.45286205410957336 116
1695668175869 0.5182175040245056 117
1695668175907 0.588176429271698 118
1695668175940 0.4272790849208832 119
1695668175973 0.2646981477737427 120
1695668177563 0.617936909198761 121
1695668177601 0.576213002204895 122
1695668177640 0.7008583545684814 123
1695668177679 0.5112249851226807 124
1695668177712 0.616899847984314 125
1695668177745 0.4991455674171448 126
1695668179270 0.5998421907424927 127
1695668179310 0.5627182126045227 128
1695668179347 0.6449122428894043 129
1695668179385 0.6912235021591187 130
1695668179420 0.5877246856689453 131
1695668179453 0.6002285480499268 132
1695668181106 0.6107246279716492 133
1695668181148 0.5990541577339172 134
1695668181187 0.5033296942710876 135
1695668181225 0.4937395751476288 136
1695668181260 0.627194881439209 137
1695668181293 0.47006717324256897 138
1695668182834 0.5865423083305359 139
1695668182872 0.42446884512901306 140
1695668182910 1.2036296129226685 141
1695668182947 0.6074317097663879 142
1695668182980 0.2992231845855713 143
1695668183013 0.5508646965026855 144
1695668184535 0.6057860255241394 145
1695668184572 0.6039860844612122 146
1695668184609 0.6174456477165222 147
1695668184646 0.6936866044998169 148
1695668184679 0.31548887491226196 149
1695668184711 0.6650691628456116 150
1695668186252 0.41362133622169495 151
1695668186291 0.43473097681999207 152
1695668186329 0.3542296290397644 153
1695668186366 0.6537327766418457 154
1695668186400 0.6751288175582886 155
1695668186433 0.6402868628501892 156
1695668187971 0.6601247191429138 157
1695668188010 0.6390327215194702 158
1695668188048 0.6083842515945435 159
1695668188086 0.6242365837097168 160
1695668188120 0.9521206021308899 161
1695668188154 0.3566591441631317 162
1695668189694 0.57685786485672 163
1695668189733 0.5237427949905396 164
1695668189771 0.29749298095703125 165
1695668189808 0.6312030553817749 166
1695668189841 0.6102414727210999 167
1695668189874 0.6440901756286621 168
1695668191417 0.6048284769058228 169
1695668191456 0.6539340615272522 170
1695668191494 0.6212284564971924 171
1695668191532 0.6084892749786377 172
1695668191564 0.6715610027313232 173
1695668191598 0.608869731426239 174
1695668193137 0.6237038969993591 175
1695668193176 0.6179090738296509 176
1695668193213 0.6019541621208191 177
1695668193251 0.6354763507843018 178
1695668193284 0.5599161386489868 179
1695668193318 0.6230106353759766 180
1695668194858 0.4293471574783325 181
1695668194896 0.5917791724205017 182
1695668194935 0.5868735909461975 183
1695668194972 0.5981886982917786 184
1695668195006 0.4988240599632263 185
1695668195041 0.7330881357192993 186
1695668196674 0.5967475175857544 187
1695668196712 0.5942984223365784 188
1695668196752 0.591643214225769 189
1695668196790 0.6212322115898132 190
1695668196823 0.5162363052368164 191
1695668196855 0.6053736209869385 192
1695668198422 0.6397302150726318 193
1695668198460 0.5706703662872314 194
1695668198498 0.6196302771568298 195
1695668198535 0.5758458375930786 196
1695668198568 0.7339152693748474 197
1695668198601 0.5947092771530151 198
1695668200148 0.333254337310791 199
1695668200185 0.58888179063797 200
1695668200223 0.6006515026092529 201
1695668200260 0.6238502860069275 202
1695668200293 0.4157928228378296 203
1695668200325 1.0256785154342651 204
1695668201868 0.5942140221595764 205
1695668201906 0.3981485962867737 206
1695668201945 0.5021582841873169 207
1695668201983 0.5809357762336731 208
1695668202016 0.5978270173072815 209
1695668202048 0.6225335597991943 210
1695668203609 0.5838713645935059 211
1695668203647 0.33637160062789917 212
1695668203692 0.5802255272865295 213
1695668203731 0.5904467105865479 214
1695668203765 0.8462934494018555 215
1695668203798 0.3056241273880005 216
1695668205359 0.613563060760498 217
1695668205402 0.5887549519538879 218
1695668205443 0.6070742607116699 219
1695668205481 0.52784264087677 220
1695668205515 0.40292859077453613 221
1695668205546 0.6261897087097168 222
1695668207110 0.5342271327972412 223
1695668207148 0.47369641065597534 224
1695668207185 0.5529291033744812 225
1695668207224 0.6336196660995483 226
1695668207259 0.6570919156074524 227
1695668207293 0.6187441349029541 228
1695668208853 0.48891007900238037 229
1695668208892 0.6398906111717224 230
1695668208930 0.38569533824920654 231
1695668208969 0.45399659872055054 232
1695668209002 0.6089515089988708 233
1695668209035 0.5967523455619812 234
1695668210636 0.6213439702987671 235
1695668210675 0.584341287612915 236
1695668210713 0.5832410454750061 237
1695668210750 0.5735511183738708 238
1695668210782 0.5718956589698792 239
1695668210815 0.5727483630180359 240
1695668212431 0.653200626373291 241
1695668212470 0.6576381325721741 242
1695668212509 0.5776717662811279 243
1695668212548 0.41590213775634766 244
1695668212585 0.38728392124176025 245
1695668212620 0.5800779461860657 246
1695668214184 0.2789851427078247 247
1695668214224 0.5900389552116394 248
1695668214264 0.5875927209854126 249
1695668214304 0.5639903545379639 250
1695668214339 0.5813449621200562 251
1695668214374 0.43361255526542664 252
1695668215943 0.5768803358078003 253
1695668215983 0.4782273769378662 254
1695668216022 0.6074195504188538 255
1695668216060 0.5666038990020752 256
1695668216092 0.6301958560943604 257
1695668216125 0.3484311103820801 258
1695668217702 0.5805075168609619 259
1695668217740 0.6129619479179382 260
1695668217779 0.3260999321937561 261
1695668217818 0.6493017077445984 262
1695668217852 0.6678615808486938 263
1695668217886 0.5986695885658264 264
1695668219458 0.5817665457725525 265
1695668219497 0.570026159286499 266
1695668219536 0.4776303768157959 267
1695668219576 0.23225536942481995 268
1695668219609 0.5779495239257812 269
1695668219642 0.3259913921356201 270
1695668221228 0.5787491202354431 271
1695668221268 0.657172679901123 272
1695668221307 0.3053378164768219 273
1695668221346 0.5831253528594971 274
1695668221379 0.5733200907707214 275
1695668221412 0.5839749574661255 276
1695668222988 0.5716750621795654 277
1695668223026 0.5733206272125244 278
1695668223064 1.280609130859375 279
1695668223101 0.6186232566833496 280
1695668223135 0.5638895630836487 281
1695668223168 0.5965251922607422 282
1695668224836 0.5818495154380798 283
1695668224875 0.556795597076416 284
1695668224913 0.3930026590824127 285
1695668224950 0.5923969745635986 286
1695668224983 0.44505199790000916 287
1695668225016 0.5656680464744568 288
1695668226621 0.4712618589401245 289
1695668226660 0.7680842876434326 290
1695668226698 0.25909167528152466 291
1695668226737 0.3361770808696747 292
1695668226771 0.37680715322494507 293
1695668226804 0.605626106262207 294
1695668228438 0.5680871605873108 295
1695668228481 0.3502926230430603 296
1695668228521 0.5868995785713196 297
1695668228562 0.8056116700172424 298
1695668228597 0.8313795328140259 299
1695668228631 0.22650456428527832 300
