1695668142857 0.0001 1
1695668142900 0.0001 2
1695668142939 0.0001 3
1695668142979 0.0001 4
1695668143013 0.0001 5
1695668143047 0.0001 6
1695668144734 0.0001 7
1695668144773 0.0001 8
1695668144812 0.0001 9
1695668144850 0.0001 10
1695668144884 0.0001 11
1695668144917 0.0001 12
1695668146461 0.0001 13
1695668146499 0.0001 14
1695668146537 0.0001 15
1695668146574 0.0001 16
1695668146607 0.0001 17
1695668146641 0.0001 18
1695668148140 0.0001 19
1695668148180 0.0001 20
1695668148219 0.0001 21
1695668148259 0.0001 22
1695668148293 0.0001 23
1695668148327 0.0001 24
1695668149933 0.0001 25
1695668149972 0.0001 26
1695668150010 0.0001 27
1695668150049 0.0001 28
1695668150082 0.0001 29
1695668150116 0.0001 30
1695668151710 0.0001 31
1695668151749 0.0001 32
1695668151789 0.0001 33
1695668151827 0.0001 34
1695668151860 0.0001 35
1695668151892 0.0001 36
1695668153471 0.0001 37
1695668153509 0.0001 38
1695668153548 0.0001 39
1695668153587 0.0001 40
1695668153623 0.0001 41
1695668153659 0.0001 42
1695668155248 0.0001 43
1695668155286 0.0001 44
1695668155325 0.0001 45
1695668155362 0.0001 46
1695668155396 0.0001 47
1695668155429 0.0001 48
1695668156944 0.0001 49
1695668156982 0.0001 50
1695668157021 0.0001 51
1695668157060 0.0001 52
1695668157095 0.0001 53
1695668157130 0.0001 54
1695668158640 0.0001 55
1695668158679 0.0001 56
1695668158717 0.0001 57
1695668158755 0.0001 58
1695668158787 0.0001 59
1695668158820 0.0001 60
1695668160325 0.0001 61
1695668160365 0.0001 62
1695668160404 0.0001 63
1695668160443 0.0001 64
1695668160477 0.0001 65
1695668160511 0.0001 66
1695668162022 0.0001 67
1695668162061 0.0001 68
1695668162100 0.0001 69
1695668162138 0.0001 70
1695668162171 0.0001 71
1695668162204 0.0001 72
1695668163721 0.0001 73
1695668163762 0.0001 74
1695668163803 0.0001 75
1695668163844 0.0001 76
1695668163882 0.0001 77
1695668163923 0.0001 78
1695668165480 0.0001 79
1695668165521 0.0001 80
1695668165561 0.0001 81
1695668165599 0.0001 82
1695668165633 0.0001 83
1695668165667 0.0001 84
1695668167177 0.0001 85
1695668167216 0.0001 86
1695668167254 0.0001 87
1695668167292 0.0001 88
1695668167326 0.0001 89
1695668167358 0.0001 90
1695668168877 0.0001 91
1695668168917 0.0001 92
1695668168956 0.0001 93
1695668168994 0.0001 94
1695668169028 0.0001 95
1695668169061 0.0001 96
1695668170620 0.0001 97
1695668170659 0.0001 98
1695668170697 0.0001 99
1695668170735 0.0001 100
1695668170770 0.0001 101
1695668170804 0.0001 102
1695668172334 0.0001 103
1695668172373 0.0001 104
1695668172412 0.0001 105
1695668172451 0.0001 106
1695668172484 0.0001 107
1695668172518 0.0001 108
1695668174054 0.0001 109
1695668174096 0.0001 110
1695668174139 0.0001 111
1695668174181 0.0001 112
1695668174215 0.0001 113
1695668174249 0.0001 114
1695668175792 0.0001 115
1695668175832 0.0001 116
1695668175870 0.0001 117
1695668175908 0.0001 118
1695668175941 0.0001 119
1695668175973 0.0001 120
1695668177564 0.0001 121
1695668177602 0.0001 122
1695668177641 0.0001 123
1695668177680 0.0001 124
1695668177713 0.0001 125
1695668177746 0.0001 126
1695668179271 0.0001 127
1695668179310 0.0001 128
1695668179348 0.0001 129
1695668179387 0.0001 130
1695668179421 0.0001 131
1695668179454 0.0001 132
1695668181107 0.0001 133
1695668181149 0.0001 134
1695668181188 0.0001 135
1695668181227 0.0001 136
1695668181261 0.0001 137
1695668181294 0.0001 138
1695668182835 0.0001 139
1695668182873 0.0001 140
1695668182911 0.0001 141
1695668182948 0.0001 142
1695668182981 0.0001 143
1695668183014 0.0001 144
1695668184536 0.0001 145
1695668184573 0.0001 146
1695668184610 0.0001 147
1695668184647 0.0001 148
1695668184680 0.0001 149
1695668184712 0.0001 150
1695668186253 0.0001 151
1695668186292 0.0001 152
1695668186330 0.0001 153
1695668186367 0.0001 154
1695668186401 0.0001 155
1695668186434 0.0001 156
1695668187972 0.0001 157
1695668188011 0.0001 158
1695668188049 0.0001 159
1695668188087 0.0001 160
1695668188121 0.0001 161
1695668188155 0.0001 162
1695668189695 0.0001 163
1695668189734 0.0001 164
1695668189772 0.0001 165
1695668189809 0.0001 166
1695668189842 0.0001 167
1695668189875 0.0001 168
1695668191418 0.0001 169
1695668191457 0.0001 170
1695668191495 0.0001 171
1695668191533 0.0001 172
1695668191565 0.0001 173
1695668191599 0.0001 174
1695668193139 0.0001 175
1695668193177 0.0001 176
1695668193215 0.0001 177
1695668193252 0.0001 178
1695668193285 0.0001 179
1695668193319 0.0001 180
1695668194859 0.0001 181
1695668194897 0.0001 182
1695668194936 0.0001 183
1695668194973 0.0001 184
1695668195007 0.0001 185
1695668195042 0.0001 186
1695668196676 0.0001 187
1695668196713 0.0001 188
1695668196753 0.0001 189
1695668196791 0.0001 190
1695668196824 0.0001 191
1695668196856 0.0001 192
1695668198423 0.0001 193
1695668198461 0.0001 194
1695668198498 0.0001 195
1695668198536 0.0001 196
1695668198569 0.0001 197
1695668198602 0.0001 198
1695668200149 0.0001 199
1695668200186 0.0001 200
1695668200224 0.0001 201
1695668200261 0.0001 202
1695668200295 0.0001 203
1695668200326 0.0001 204
1695668201869 0.0001 205
1695668201907 0.0001 206
1695668201946 0.0001 207
1695668201984 0.0001 208
1695668202017 0.0001 209
1695668202049 0.0001 210
1695668203610 0.0001 211
1695668203648 0.0001 212
1695668203693 0.0001 213
1695668203732 0.0001 214
1695668203766 0.0001 215
1695668203799 0.0001 216
1695668205361 0.0001 217
1695668205403 0.0001 218
1695668205444 0.0001 219
1695668205482 0.0001 220
1695668205516 0.0001 221
1695668205547 0.0001 222
1695668207111 0.0001 223
1695668207149 0.0001 224
1695668207186 0.0001 225
1695668207225 0.0001 226
1695668207260 0.0001 227
1695668207294 0.0001 228
1695668208854 0.0001 229
1695668208892 0.0001 230
1695668208931 0.0001 231
1695668208970 0.0001 232
1695668209003 0.0001 233
1695668209036 0.0001 234
1695668210637 0.0001 235
1695668210676 0.0001 236
1695668210714 0.0001 237
1695668210751 0.0001 238
1695668210783 0.0001 239
1695668210816 0.0001 240
1695668212432 0.0001 241
1695668212471 0.0001 242
1695668212510 0.0001 243
1695668212550 0.0001 244
1695668212587 0.0001 245
1695668212621 0.0001 246
1695668214185 0.0001 247
1695668214225 0.0001 248
1695668214265 0.0001 249
1695668214305 0.0001 250
1695668214340 0.0001 251
1695668214375 0.0001 252
1695668215945 0.0001 253
1695668215984 0.0001 254
1695668216023 0.0001 255
1695668216061 0.0001 256
1695668216093 0.0001 257
1695668216126 0.0001 258
1695668217703 0.0001 259
1695668217741 0.0001 260
1695668217780 0.0001 261
1695668217819 0.0001 262
1695668217853 0.0001 263
1695668217887 0.0001 264
1695668219459 0.0001 265
1695668219498 0.0001 266
1695668219537 0.0001 267
1695668219577 0.0001 268
1695668219610 0.0001 269
1695668219643 0.0001 270
1695668221229 0.0001 271
1695668221269 0.0001 272
1695668221309 0.0001 273
1695668221347 0.0001 274
1695668221380 0.0001 275
1695668221413 0.0001 276
1695668222989 0.0001 277
1695668223027 0.0001 278
1695668223065 0.0001 279
1695668223102 0.0001 280
1695668223136 0.0001 281
1695668223169 0.0001 282
1695668224837 0.0001 283
1695668224876 0.0001 284
1695668224914 0.0001 285
1695668224951 0.0001 286
1695668224984 0.0001 287
1695668225017 0.0001 288
1695668226622 0.0001 289
1695668226661 0.0001 290
1695668226699 0.0001 291
1695668226738 0.0001 292
1695668226772 0.0001 293
1695668226805 0.0001 294
1695668228439 0.0001 295
1695668228482 0.0001 296
1695668228522 0.0001 297
1695668228563 0.0001 298
1695668228599 0.0001 299
1695668228632 0.0001 300
