1695668143049 0.24563002586364746 1
1695668144919 0.4114096462726593 2
1695668146643 0.18323518335819244 3
1695668148329 0.30939924716949463 4
1695668150117 0.058820974081754684 5
1695668151894 0.11435605585575104 6
1695668153661 0.0 7
1695668155430 0.35485121607780457 8
1695668157133 0.07054854184389114 9
1695668158822 0.05913202464580536 10
1695668160513 0.08998852968215942 11
1695668162206 0.07669976353645325 12
1695668163926 0.04372477903962135 13
1695668165669 0.2960447072982788 14
1695668167360 0.12170037627220154 15
1695668169063 0.5547664761543274 16
1695668170806 0.22191640734672546 17
1695668172520 0.3259217143058777 18
1695668174251 0.044464435428380966 19
1695668175976 0.43149247765541077 20
1695668177748 0.1446579247713089 21
1695668179456 0.27829867601394653 22
1695668181296 0.2510068118572235 23
1695668183016 0.4704943597316742 24
1695668184713 0.4745316803455353 25
1695668186436 0.4642569422721863 26
1695668188157 0.440098375082016 27
1695668189877 0.34221869707107544 28
1695668191601 0.0 29
1695668193320 0.2272648811340332 30
1695668195044 0.24820291996002197 31
1695668196858 0.19400103390216827 32
1695668198604 0.00030835927464067936 33
1695668200328 0.4740070104598999 34
1695668202051 0.26264721155166626 35
1695668203801 0.4034702777862549 36
1695668205549 0.12903036177158356 37
1695668207296 0.25866571068763733 38
1695668209038 0.6140380501747131 39
1695668210818 0.0 40
1695668212623 0.5854660272598267 41
1695668214377 0.46973809599876404 42
1695668216128 0.344339519739151 43
1695668217889 0.1980033665895462 44
1695668219645 0.4590000510215759 45
1695668221415 0.45210593938827515 46
1695668223171 0.4831635355949402 47
1695668225019 0.3363150656223297 48
1695668226807 0.6211987733840942 49
1695668228634 0.2934415936470032 50
