1696442012492 0.5093741416931152 1
1696442012554 0.26041656732559204 2
1696442012609 0.36393365263938904 3
1696442012665 0.19848813116550446 4
1696442012722 0.29501351714134216 5
1696442012779 0.2529682517051697 6
1696442012836 0.2621127665042877 7
1696442012892 0.5059817433357239 8
1696442012947 0.5426594614982605 9
1696442013003 0.4379240572452545 10
1696442013059 0.5119931697845459 11
1696442013116 0.17611631751060486 12
1696442013173 0.2333235740661621 13
1696442013230 0.6021696925163269 14
1696442013286 0.5183829665184021 15
1696442013342 0.4148920774459839 16
1696442013399 0.11019611358642578 17
1696442013456 0.16319550573825836 18
1696442013513 0.15728604793548584 19
1696442013571 0.5484040379524231 20
1696442013628 0.28738200664520264 21
1696442013680 0.3518175482749939 22
1696442013736 0.1327686309814453 23
1696442018763 0.5145666599273682 24
1696442018821 0.42983314394950867 25
1696442018879 0.18363484740257263 26
1696442018935 0.5069136023521423 27
1696442018991 0.718208909034729 28
1696442019047 0.5047372579574585 29
1696442019104 1.048018217086792 30
1696442019160 0.5095199346542358 31
1696442019215 0.5067065954208374 32
1696442019272 0.32741737365722656 33
1696442019328 0.5049154758453369 34
1696442019384 0.5080084800720215 35
1696442019441 0.504741907119751 36
1696442019498 0.1734609603881836 37
1696442019556 0.15295305848121643 38
1696442019614 0.2865869700908661 39
1696442019671 0.5132226943969727 40
1696442019728 0.21062546968460083 41
1696442019785 0.12856091558933258 42
1696442019841 0.5209311246871948 43
1696442019898 0.1960897445678711 44
1696442019950 0.20756705105304718 45
1696442020002 0.5375537872314453 46
1696442025057 0.5070632696151733 47
1696442025114 0.348123699426651 48
1696442025170 0.3295968174934387 49
1696442025226 0.5123647451400757 50
1696442025283 0.9786727428436279 51
1696442025338 0.5677543878555298 52
1696442025394 0.5118153095245361 53
1696442025451 0.7963854074478149 54
1696442025508 0.4109128713607788 55
1696442025565 0.503828227519989 56
1696442025621 0.34848183393478394 57
1696442025679 0.09120425581932068 58
1696442025736 0.19962817430496216 59
1696442025791 0.5185336470603943 60
1696442025846 1.0763343572616577 61
1696442025902 0.9481029510498047 62
1696442025958 0.5457804203033447 63
1696442026015 0.6017744541168213 64
1696442026072 0.5220826268196106 65
1696442026128 0.5311177968978882 66
1696442026185 0.13761338591575623 67
1696442026237 0.9301310777664185 68
1696442026289 0.5791937708854675 69
1696442031236 0.5105550289154053 70
1696442031293 0.4685479402542114 71
1696442031349 0.5309301614761353 72
1696442031406 0.13769887387752533 73
1696442031464 0.5730682611465454 74
1696442031522 0.6972537636756897 75
1696442031579 0.20910145342350006 76
1696442031636 0.5538787245750427 77
1696442031694 0.5206294655799866 78
1696442031750 0.490317702293396 79
1696442031807 0.280192494392395 80
1696442031863 0.5100197792053223 81
1696442031920 2.382258653640747 82
1696442031975 0.505582869052887 83
1696442032040 0.4779236614704132 84
1696442032096 0.42790865898132324 85
1696442032153 0.5781150460243225 86
1696442032210 0.2261570394039154 87
1696442032266 0.8237587213516235 88
1696442032322 0.4658666253089905 89
1696442032378 0.08425074070692062 90
1696442032429 0.5136292576789856 91
1696442032481 0.23265789449214935 92
1696442037423 0.5080841779708862 93
1696442037479 0.5069685578346252 94
1696442037535 0.5330560803413391 95
1696442037591 0.5122230648994446 96
1696442037648 0.12060293555259705 97
1696442037704 0.511789083480835 98
1696442037761 0.5065406560897827 99
1696442037817 0.4236578643321991 100
1696442037874 0.26996076107025146 101
1696442037931 1.0143485069274902 102
1696442037987 0.5100820660591125 103
1696442038043 0.18692991137504578 104
1696442038099 0.4380859136581421 105
1696442038156 0.23384970426559448 106
1696442038212 0.43023964762687683 107
1696442038269 0.15953949093818665 108
1696442038325 0.5231972336769104 109
1696442038380 0.5091026425361633 110
1696442038437 3.039414882659912 111
1696442038493 0.13921114802360535 112
1696442038550 0.0897388905286789 113
1696442038602 0.4933774471282959 114
1696442038654 0.5417892932891846 115
1696442043665 0.4973177909851074 116
1696442043721 0.5083114504814148 117
1696442043778 0.5393102765083313 118
1696442043835 0.5279549956321716 119
1696442043892 0.30150479078292847 120
1696442043950 0.5470658540725708 121
1696442044006 0.5110242366790771 122
1696442044066 0.25013697147369385 123
1696442044125 0.7512328624725342 124
1696442044183 0.5061530470848083 125
1696442044241 0.5073618292808533 126
1696442044300 0.511229932308197 127
1696442044357 0.5126627683639526 128
1696442044413 0.15822795033454895 129
1696442044470 0.1778450906276703 130
1696442044527 0.510023295879364 131
1696442044583 0.2829207181930542 132
1696442044639 0.5121477246284485 133
1696442044696 0.5144928693771362 134
1696442044752 0.11212551593780518 135
1696442044810 0.519667387008667 136
1696442044863 0.5256706476211548 137
1696442044916 0.6490979790687561 138
1696442050102 0.5110297203063965 139
1696442050159 0.5063499808311462 140
1696442050215 0.5081186294555664 141
1696442050270 0.5990325808525085 142
1696442050327 0.47507718205451965 143
1696442050384 0.08572845160961151 144
1696442050441 0.5367163419723511 145
1696442050499 0.23471522331237793 146
1696442050555 0.14787587523460388 147
1696442050612 0.5521329045295715 148
1696442050669 0.15932141244411469 149
1696442050728 0.3685957193374634 150
1696442050785 0.4825000762939453 151
1696442050841 0.2327544093132019 152
1696442050897 0.5131137371063232 153
1696442050953 0.17024344205856323 154
1696442051009 0.09042984992265701 155
1696442051066 0.5081506371498108 156
1696442051124 0.5269148349761963 157
1696442051180 0.515995979309082 158
1696442051237 0.5139732360839844 159
1696442051288 0.6504538655281067 160
1696442051340 0.528679370880127 161
1696442056347 0.5819182395935059 162
1696442056404 0.5361661911010742 163
1696442056461 0.22321511805057526 164
1696442056516 0.507723331451416 165
1696442056573 0.44146278500556946 166
1696442056632 0.17879539728164673 167
1696442056688 0.5097655653953552 168
1696442056745 0.34250402450561523 169
1696442056803 0.5106971263885498 170
1696442056859 0.7554985284805298 171
1696442056916 0.5085954666137695 172
1696442056972 0.38984280824661255 173
1696442057027 0.5187068581581116 174
1696442057084 0.16112883388996124 175
1696442057140 0.5202513337135315 176
1696442057196 0.5253177881240845 177
1696442057254 0.5256898403167725 178
1696442057311 0.5105196237564087 179
1696442057368 0.17269855737686157 180
1696442057425 0.5573901534080505 181
1696442057483 0.21711724996566772 182
1696442057535 0.5097367763519287 183
1696442057590 0.15807554125785828 184
1696442062588 0.3464720845222473 185
1696442062647 0.5347018837928772 186
1696442062706 0.5201982259750366 187
1696442062763 0.5056474208831787 188
1696442062820 0.5114585161209106 189
1696442062875 0.5120120644569397 190
1696442062932 0.10297532379627228 191
1696442062988 0.42032185196876526 192
1696442063044 0.5268394947052002 193
1696442063101 0.14312343299388885 194
1696442063158 0.2896973192691803 195
1696442063214 0.5090299248695374 196
1696442063270 0.5156748294830322 197
1696442063326 0.5086037516593933 198
1696442063383 0.5899534821510315 199
1696442063440 0.6168453693389893 200
1696442063497 0.4110642671585083 201
1696442063554 0.0969032272696495 202
1696442063611 0.5133551955223083 203
1696442063668 0.2681785225868225 204
1696442063725 1.4475401639938354 205
1696442063779 0.5058172941207886 206
1696442063833 0.5190466642379761 207
1696442068831 0.21693819761276245 208
1696442068890 0.5061891674995422 209
1696442068946 0.515463650226593 210
1696442069003 0.09118888527154922 211
1696442069060 0.5192555785179138 212
1696442069116 0.5169671773910522 213
1696442069174 0.41170215606689453 214
1696442069230 0.16052544116973877 215
1696442069286 0.5078166723251343 216
1696442069342 0.5142084956169128 217
1696442069399 0.22952671349048615 218
1696442069456 0.0931130200624466 219
1696442069516 0.24896001815795898 220
1696442069574 0.5068641901016235 221
1696442069633 0.4332874119281769 222
1696442069692 0.11086886376142502 223
1696442069752 0.3213247060775757 224
1696442069811 0.15712794661521912 225
1696442069870 0.5404508113861084 226
1696442069932 0.2562440037727356 227
1696442069992 0.573523759841919 228
1696442070044 0.5055249333381653 229
1696442070097 0.31762608885765076 230
1696442075138 0.44651108980178833 231
1696442075195 0.787545382976532 232
1696442075252 0.08236724138259888 233
1696442075308 0.173710435628891 234
1696442075365 0.6579466462135315 235
1696442075422 0.2677510380744934 236
1696442075480 0.5167468190193176 237
1696442075537 0.28105974197387695 238
1696442075593 0.5086323022842407 239
1696442075651 0.22187291085720062 240
1696442075707 0.5082905292510986 241
1696442075763 0.5104120969772339 242
1696442075820 0.514689028263092 243
1696442075877 0.2508460283279419 244
1696442075934 0.5074175596237183 245
1696442075990 0.22810354828834534 246
1696442076047 0.4861004948616028 247
1696442076103 0.6953961849212646 248
1696442076160 0.40385743975639343 249
1696442076217 0.5082933902740479 250
1696442076273 0.9738131761550903 251
1696442076325 0.508328378200531 252
1696442076376 0.5091425180435181 253
1696442081342 0.48168063163757324 254
1696442081400 0.1391226351261139 255
1696442081458 0.5115941166877747 256
1696442081515 0.5132354497909546 257
1696442081573 0.1484176069498062 258
1696442081630 0.5081183314323425 259
1696442081690 0.6269274950027466 260
1696442081748 0.3021441102027893 261
1696442081807 0.5113201141357422 262
1696442081864 0.5325741767883301 263
1696442081924 0.6182488203048706 264
1696442081981 0.5102457404136658 265
1696442082039 0.5082717537879944 266
1696442082097 0.5137282609939575 267
1696442082155 0.5266516208648682 268
1696442082218 0.18780094385147095 269
1696442082276 0.5091962218284607 270
1696442082333 0.5103484392166138 271
1696442082390 0.523002028465271 272
1696442082447 0.192146897315979 273
1696442082505 0.25036299228668213 274
1696442082559 0.5191091895103455 275
1696442082613 0.3967277705669403 276
1696442087655 0.5100687146186829 277
1696442087712 0.14689557254314423 278
1696442087770 0.508480429649353 279
1696442087827 0.7708483934402466 280
1696442087884 0.5054746270179749 281
1696442087940 0.3453770577907562 282
1696442087997 0.5325347185134888 283
1696442088055 0.5055485963821411 284
1696442088112 0.5077347755432129 285
1696442088169 0.5096352100372314 286
1696442088226 0.4849039316177368 287
1696442088288 0.5071415305137634 288
1696442088355 0.518879771232605 289
1696442088424 0.10367286205291748 290
1696442088481 0.5080695152282715 291
1696442088539 0.3188968598842621 292
1696442088596 0.5072632431983948 293
1696442088653 0.11788090318441391 294
1696442088711 0.5074464082717896 295
1696442088767 0.507676362991333 296
1696442088823 0.2293674349784851 297
1696442088875 0.5080800652503967 298
1696442088927 0.1456960290670395 299
1696442093944 0.5077809691429138 300
1696442094001 0.27094388008117676 301
1696442094057 0.5079107880592346 302
1696442094114 0.2502425014972687 303
1696442094171 0.5082756280899048 304
1696442094227 0.11885001510381699 305
1696442094284 0.07216197997331619 306
1696442094339 0.5097065567970276 307
1696442094395 0.5089627504348755 308
1696442094463 0.25655579566955566 309
1696442094522 0.484136700630188 310
1696442094580 0.6303033232688904 311
1696442094638 0.18734246492385864 312
1696442094695 0.17326903343200684 313
1696442094753 0.5057280659675598 314
1696442094812 0.5101455450057983 315
1696442094871 0.09792369604110718 316
1696442094927 0.18169479072093964 317
1696442094983 0.5117157101631165 318
1696442095039 0.5211777687072754 319
1696442095096 0.33021876215934753 320
1696442095148 0.12158102542161942 321
1696442095200 0.5478100776672363 322
1696442100229 0.5177825093269348 323
1696442100287 0.1012861356139183 324
1696442100343 0.6312317252159119 325
1696442100400 0.6194190979003906 326
1696442100457 0.5741004943847656 327
1696442100514 0.1440654695034027 328
1696442100572 0.5075430274009705 329
1696442100640 0.5193493962287903 330
1696442100699 0.589181125164032 331
1696442100757 0.2882327437400818 332
1696442100816 0.20285439491271973 333
1696442100874 0.22732390463352203 334
1696442100933 0.22196640074253082 335
1696442100991 0.38670071959495544 336
1696442101048 0.504159152507782 337
1696442101106 0.17843061685562134 338
1696442101163 0.5107614994049072 339
1696442101220 0.2592374384403229 340
1696442101277 0.507164716720581 341
1696442101334 0.5053001642227173 342
1696442101392 0.09577612578868866 343
1696442101445 0.16906754672527313 344
1696442101498 0.2976490259170532 345
1696442106510 0.5071963667869568 346
1696442106567 0.22826245427131653 347
1696442106624 0.5051255822181702 348
1696442106683 0.5499223470687866 349
1696442106745 0.20659410953521729 350
1696442106801 0.5054739117622375 351
1696442106858 0.39939185976982117 352
1696442106914 0.5087604522705078 353
1696442106971 0.5060581564903259 354
1696442107028 0.38902747631073 355
1696442107086 0.10213623940944672 356
1696442107143 0.21326568722724915 357
1696442107200 0.5081541538238525 358
1696442107256 0.5056872367858887 359
1696442107312 0.5057118535041809 360
1696442107370 0.7919660806655884 361
1696442107427 0.5086662769317627 362
1696442107484 0.3060142993927002 363
1696442107541 0.2396262288093567 364
1696442107597 0.42865508794784546 365
1696442107653 0.1608508676290512 366
1696442107706 0.2396722137928009 367
1696442107757 0.5085667967796326 368
1696442112788 0.14099518954753876 369
1696442112845 0.5864428281784058 370
1696442112902 0.5208089351654053 371
1696442112958 0.5907638072967529 372
1696442113014 0.5761736631393433 373
1696442113071 0.19107919931411743 374
1696442113128 0.5138473510742188 375
1696442113190 1.2857812643051147 376
1696442113248 0.5464519262313843 377
1696442113305 0.23988127708435059 378
1696442113362 0.3804488778114319 379
1696442113421 0.1272435188293457 380
1696442113479 0.5084912180900574 381
1696442113536 0.3183305561542511 382
1696442113594 0.5175354480743408 383
1696442113651 0.5160304307937622 384
1696442113709 0.1916021704673767 385
1696442113767 0.1133297011256218 386
1696442113824 0.4692718982696533 387
1696442113882 0.12028554081916809 388
1696442113938 0.5218560695648193 389
1696442113990 0.5065354108810425 390
1696442114041 0.5149545669555664 391
1696442119041 0.5140460729598999 392
1696442119098 0.5092154145240784 393
1696442119155 0.20184209942817688 394
1696442119212 0.5121670365333557 395
1696442119270 0.43689417839050293 396
1696442119328 0.22198936343193054 397
1696442119386 0.2756398022174835 398
1696442119444 0.3876936435699463 399
1696442119501 0.517598032951355 400
1696442119559 0.22908827662467957 401
1696442119616 0.5117920637130737 402
1696442119675 0.5068655014038086 403
1696442119732 0.1677289605140686 404
1696442119790 0.5001140236854553 405
1696442119847 0.23534154891967773 406
1696442119905 0.7208774089813232 407
1696442119963 0.27946823835372925 408
1696442120019 0.5113803148269653 409
1696442120077 0.18092331290245056 410
1696442120134 0.20696720480918884 411
1696442120191 0.5057077407836914 412
1696442120244 0.2691858112812042 413
1696442120297 0.255196213722229 414
1696442125435 0.8117691874504089 415
1696442125492 0.655665397644043 416
1696442125549 0.395709753036499 417
1696442125606 0.5844269394874573 418
1696442125662 0.5148943662643433 419
1696442125719 0.5383970141410828 420
1696442125775 0.5497518181800842 421
1696442125831 0.5856227874755859 422
1696442125888 0.4577960669994354 423
1696442125945 0.1903553307056427 424
1696442126002 0.29759955406188965 425
1696442126058 0.3116520643234253 426
1696442126115 0.3703598380088806 427
1696442126171 0.5062373876571655 428
1696442126232 0.5073890686035156 429
1696442126289 0.7588581442832947 430
1696442126345 0.7571145296096802 431
1696442126403 0.28003352880477905 432
1696442126461 0.48928534984588623 433
1696442126519 0.2754431962966919 434
1696442126577 0.2509024143218994 435
1696442126629 0.5062874555587769 436
1696442126681 0.5234785676002502 437
1696442131688 0.3047720789909363 438
1696442131747 0.5188506841659546 439
1696442131805 0.5140447616577148 440
1696442131862 0.5074005722999573 441
1696442131919 0.5222488641738892 442
1696442131977 0.12321007996797562 443
1696442132033 0.5179170966148376 444
1696442132090 0.5138338804244995 445
1696442132147 0.21658015251159668 446
1696442132205 0.4725862145423889 447
1696442132263 0.354470431804657 448
1696442132320 0.24942925572395325 449
1696442132379 0.16751587390899658 450
1696442132437 0.3250042200088501 451
1696442132494 0.4208400845527649 452
1696442132552 1.8375887870788574 453
1696442132609 0.13147799670696259 454
1696442132666 0.5323687791824341 455
1696442132724 0.20868971943855286 456
1696442132782 0.14819155633449554 457
1696442132840 0.3065434992313385 458
1696442132892 0.5555382370948792 459
1696442132944 0.5193803310394287 460
1696442138001 0.2047080248594284 461
1696442138059 0.13118353486061096 462
1696442138115 0.5123447179794312 463
1696442138171 0.5345162153244019 464
1696442138228 0.5149235725402832 465
1696442138285 0.5188380479812622 466
1696442138341 0.5089296698570251 467
1696442138399 0.5097078084945679 468
1696442138456 0.1323218047618866 469
1696442138513 0.5178930163383484 470
1696442138570 0.5242449045181274 471
1696442138626 0.5110214948654175 472
1696442138683 0.8850774765014648 473
1696442138740 0.537523627281189 474
1696442138797 0.2443535029888153 475
1696442138854 0.24634911119937897 476
1696442138912 0.5067694187164307 477
1696442138969 0.48686733841896057 478
1696442139026 0.3171114921569824 479
1696442139083 0.5077579617500305 480
1696442139140 0.5066566467285156 481
1696442139193 0.5547498464584351 482
1696442139245 0.5191868543624878 483
1696442144183 0.2500113248825073 484
1696442144240 0.5127220749855042 485
1696442144299 0.20034104585647583 486
1696442144356 0.5203287601470947 487
1696442144413 0.17526793479919434 488
1696442144470 0.09429413080215454 489
1696442144527 0.518427848815918 490
1696442144585 1.4012515544891357 491
1696442144642 0.513697624206543 492
1696442144701 0.06456306576728821 493
1696442144760 0.5067083239555359 494
1696442144818 0.5217502117156982 495
1696442144875 0.5101721882820129 496
1696442144932 0.4760839641094208 497
1696442144988 0.520778238773346 498
1696442145046 0.22379787266254425 499
1696442145103 0.5371353030204773 500
1696442145160 0.4197578430175781 501
1696442145218 0.16697564721107483 502
1696442145275 0.20917046070098877 503
1696442145332 0.5083649754524231 504
1696442145383 0.5059723854064941 505
1696442145435 0.5127299427986145 506
1696442150457 0.3591868281364441 507
1696442150515 0.4193457067012787 508
1696442150573 0.4477071762084961 509
1696442150630 0.5053934454917908 510
1696442150686 0.5078883767127991 511
1696442150745 0.2061399221420288 512
1696442150802 0.5119879841804504 513
1696442150859 0.19568917155265808 514
1696442150919 0.1631748080253601 515
1696442150978 1.1706897020339966 516
1696442151037 0.48133566975593567 517
1696442151095 0.27036094665527344 518
1696442151153 0.1361866146326065 519
1696442151210 0.20459526777267456 520
1696442151266 0.5067672729492188 521
1696442151323 0.5074476599693298 522
1696442151380 0.11642439663410187 523
1696442151436 0.5183035135269165 524
1696442151493 0.506019115447998 525
1696442151550 0.6677488088607788 526
1696442151607 0.58974289894104 527
1696442151658 0.9652541875839233 528
1696442151710 0.2076638638973236 529
1696442156729 0.5082871317863464 530
1696442156787 0.12634854018688202 531
1696442156843 0.5231385231018066 532
1696442156899 0.5058428049087524 533
1696442156958 0.4126628637313843 534
1696442157016 0.28028199076652527 535
1696442157074 0.5102497339248657 536
1696442157131 0.5067605376243591 537
1696442157188 0.3089240789413452 538
1696442157251 0.5080417394638062 539
1696442157307 0.5093416571617126 540
1696442157364 0.376547247171402 541
1696442157420 0.5057525634765625 542
1696442157477 0.5668131709098816 543
1696442157536 0.18663600087165833 544
1696442157594 0.5014383792877197 545
1696442157651 0.5132350921630859 546
1696442157708 0.3090329170227051 547
1696442157764 0.48817160725593567 548
1696442157821 0.2908404767513275 549
1696442157878 0.5105901956558228 550
1696442157930 0.2088630199432373 551
1696442157983 0.5371706485748291 552
1696442162994 0.7313185334205627 553
1696442163052 0.2549803853034973 554
1696442163126 0.5053267478942871 555
1696442163183 0.510574460029602 556
1696442163241 0.5229453444480896 557
1696442163298 0.5273417830467224 558
1696442163355 0.2693900763988495 559
1696442163413 0.5264986753463745 560
1696442163469 0.505333423614502 561
1696442163526 0.2426682859659195 562
1696442163583 0.47518789768218994 563
1696442163639 0.5057911276817322 564
1696442163697 0.5090464353561401 565
1696442163754 0.5070661902427673 566
1696442163811 0.43124809861183167 567
1696442163868 0.9620084762573242 568
1696442163925 0.11278671026229858 569
1696442163981 0.5065682530403137 570
1696442164037 0.27125659584999084 571
1696442164093 0.5107055306434631 572
1696442164150 0.5096820592880249 573
1696442164203 0.5176025629043579 574
1696442164254 0.1281943917274475 575
1696442169356 0.507750928401947 576
1696442169413 0.34463244676589966 577
1696442169471 0.3126292824745178 578
1696442169529 0.18165262043476105 579
1696442169586 0.20369353890419006 580
1696442169643 0.2570582628250122 581
1696442169699 0.29652276635169983 582
1696442169755 0.5128171443939209 583
1696442169811 0.5209988355636597 584
1696442169868 0.17411598563194275 585
1696442169925 0.2541043162345886 586
1696442169982 0.2786861062049866 587
1696442170039 0.1611611247062683 588
1696442170095 0.6266367435455322 589
1696442170152 0.5085017681121826 590
1696442170211 0.4837488532066345 591
1696442170270 0.23593074083328247 592
1696442170327 0.5284551382064819 593
1696442170384 0.7468917965888977 594
1696442170443 0.5056841373443604 595
1696442170502 0.32783377170562744 596
1696442170554 0.5055895447731018 597
1696442170607 0.5189808011054993 598
1696442175630 0.21084149181842804 599
1696442175688 0.4525596797466278 600
1696442175744 0.5149686336517334 601
1696442175801 0.151064932346344 602
1696442175860 0.7607459425926208 603
1696442175917 0.33774974942207336 604
1696442175973 0.5156617760658264 605
1696442176030 0.16047291457653046 606
1696442176088 0.5527227520942688 607
1696442176146 0.517321765422821 608
1696442176203 0.217133030295372 609
1696442176262 0.15537071228027344 610
1696442176318 0.28433191776275635 611
1696442176378 0.5577665567398071 612
1696442176434 0.5272433757781982 613
1696442176491 0.14800964295864105 614
1696442176548 0.5105010271072388 615
1696442176605 0.507125973701477 616
1696442176662 0.12720021605491638 617
1696442176719 0.5053468942642212 618
1696442176775 0.5061041712760925 619
1696442176828 0.5065319538116455 620
1696442176881 0.22514133155345917 621
1696442181922 0.5045444965362549 622
1696442181981 0.18016047775745392 623
1696442182037 0.5097236037254333 624
1696442182094 0.2800713777542114 625
1696442182150 0.5077844262123108 626
1696442182207 0.5126504302024841 627
1696442182264 0.5062354803085327 628
1696442182322 0.16248422861099243 629
1696442182380 0.15730667114257812 630
1696442182437 0.505467414855957 631
1696442182495 0.1477709412574768 632
1696442182561 0.416224867105484 633
1696442182617 0.5086607933044434 634
1696442182676 0.41096407175064087 635
1696442182733 0.12707775831222534 636
1696442182790 0.5094925761222839 637
1696442182847 0.5057061314582825 638
1696442182904 0.5053218603134155 639
1696442182961 0.9283196926116943 640
1696442183018 1.010203242301941 641
1696442183075 0.5303850173950195 642
1696442183127 0.5052725076675415 643
1696442183179 0.5070415735244751 644
1696442188146 0.5197144746780396 645
1696442188204 0.5082984566688538 646
1696442188262 0.5064224004745483 647
1696442188320 0.4780247211456299 648
1696442188376 0.5263521075248718 649
1696442188434 0.19085828959941864 650
1696442188491 0.19176343083381653 651
1696442188548 0.19041630625724792 652
1696442188605 0.5073290467262268 653
1696442188671 0.05659757927060127 654
1696442188728 0.5057786703109741 655
1696442188785 1.0384125709533691 656
1696442188843 0.11951720714569092 657
1696442188900 0.5052434802055359 658
1696442188957 0.3147810995578766 659
1696442189013 0.5052093863487244 660
1696442189070 0.1445816457271576 661
1696442189127 0.3769912123680115 662
1696442189184 0.5102667808532715 663
1696442189241 0.530248761177063 664
1696442189299 0.12317125499248505 665
1696442189351 0.510177493095398 666
1696442189403 0.506750226020813 667
1696442194422 0.09016922116279602 668
1696442194480 0.2109619528055191 669
1696442194538 0.24135038256645203 670
1696442194595 0.5359113216400146 671
1696442194652 0.5102581977844238 672
1696442194711 0.5142068266868591 673
1696442194768 0.22227442264556885 674
1696442194825 0.5152307748794556 675
1696442194883 0.500228226184845 676
1696442194940 0.25739923119544983 677
1696442194997 0.5083361268043518 678
1696442195054 0.5128085017204285 679
1696442195111 0.4670507311820984 680
1696442195167 0.48848554491996765 681
1696442195224 0.33912187814712524 682
1696442195281 0.18329045176506042 683
1696442195338 0.2598932981491089 684
1696442195395 0.5279257297515869 685
1696442195452 0.5261605978012085 686
1696442195511 0.15131205320358276 687
1696442195567 0.5086092948913574 688
1696442195620 0.14804501831531525 689
1696442195672 0.28944167494773865 690
1696442200831 0.526127278804779 691
1696442200889 0.2803865671157837 692
1696442200948 0.27803128957748413 693
1696442201005 2.3449935913085938 694
1696442201063 0.26933497190475464 695
1696442201121 0.11929739266633987 696
1696442201181 0.5111483335494995 697
1696442201238 0.5311074256896973 698
1696442201295 0.5194303393363953 699
1696442201352 0.4775382876396179 700
1696442201409 0.16373363137245178 701
1696442201468 0.4162803590297699 702
1696442201527 0.5125046968460083 703
1696442201584 0.5298327207565308 704
1696442201640 0.5162976384162903 705
1696442201698 0.513671875 706
1696442201756 0.15650025010108948 707
1696442201814 0.10075336694717407 708
1696442201872 0.5201535820960999 709
1696442201929 0.5089043974876404 710
1696442201986 0.524368941783905 711
1696442202039 0.5133303999900818 712
1696442202092 0.16131213307380676 713
1696442207151 0.2535751461982727 714
1696442207208 0.14646966755390167 715
1696442207264 0.20205599069595337 716
1696442207320 0.5160796046257019 717
1696442207377 0.8576639890670776 718
1696442207433 0.5081520080566406 719
1696442207490 0.551895022392273 720
1696442207546 0.5100430250167847 721
1696442207603 0.5073426365852356 722
1696442207659 0.5081183314323425 723
1696442207719 0.2707405090332031 724
1696442207776 0.6153213977813721 725
1696442207833 0.4410758912563324 726
1696442207889 0.16797633469104767 727
1696442207945 0.5226820707321167 728
1696442208001 0.514863133430481 729
1696442208058 0.5180089473724365 730
1696442208116 0.5211304426193237 731
1696442208174 0.13444116711616516 732
1696442208230 0.5085620880126953 733
1696442208288 0.5026551485061646 734
1696442208340 0.5186880826950073 735
1696442208396 0.5710088014602661 736
1696442213367 0.09973549842834473 737
1696442213423 0.5070657134056091 738
1696442213480 0.50547856092453 739
1696442213537 0.5095422267913818 740
1696442213595 1.1580092906951904 741
1696442213651 0.5086773633956909 742
1696442213707 0.5057562589645386 743
1696442213764 0.22290697693824768 744
1696442213820 0.507724940776825 745
1696442213877 0.2001837193965912 746
1696442213933 0.5444406867027283 747
1696442213990 0.5379375219345093 748
1696442214046 0.5055598616600037 749
1696442214102 0.1872377097606659 750
1696442214159 0.11015218496322632 751
1696442214216 0.4775310158729553 752
1696442214272 0.5229522585868835 753
1696442214330 0.5084673762321472 754
1696442214387 0.5054538249969482 755
1696442214444 0.1533592939376831 756
1696442214501 0.1216120570898056 757
1696442214553 0.4212202727794647 758
1696442214605 0.09672513604164124 759
1696442219716 0.3883325159549713 760
1696442219774 0.6124095916748047 761
1696442219831 0.24293555319309235 762
1696442219888 0.5593387484550476 763
1696442219945 0.5098772644996643 764
1696442220001 0.1275840401649475 765
1696442220061 1.2357319593429565 766
1696442220119 0.5062914490699768 767
1696442220175 0.5103387236595154 768
1696442220231 0.15234112739562988 769
1696442220287 0.505484938621521 770
1696442220344 0.4896870255470276 771
1696442220400 1.517207384109497 772
1696442220457 0.346582293510437 773
1696442220515 0.675372838973999 774
1696442220574 0.5112036466598511 775
1696442220632 0.5054082870483398 776
1696442220690 0.16114142537117004 777
1696442220747 0.5149700045585632 778
1696442220806 0.23040489852428436 779
1696442220863 0.6650515794754028 780
1696442220916 0.14597496390342712 781
1696442220968 0.17844048142433167 782
1696442226016 0.5060889720916748 783
1696442226074 0.3262605667114258 784
1696442226132 0.446565181016922 785
1696442226190 0.28440266847610474 786
1696442226246 0.2812161445617676 787
1696442226303 0.12141618132591248 788
1696442226359 1.4516342878341675 789
1696442226416 0.515643298625946 790
1696442226473 0.04819532483816147 791
1696442226530 0.3679724335670471 792
1696442226590 0.5084389448165894 793
1696442226647 0.5132048726081848 794
1696442226705 0.25558871030807495 795
1696442226761 0.7461212873458862 796
1696442226818 0.6196492910385132 797
1696442226875 0.17949657142162323 798
1696442226932 0.5159501433372498 799
1696442226990 0.5101075172424316 800
1696442227047 0.5295775532722473 801
1696442227105 0.569827675819397 802
1696442227163 0.524948239326477 803
1696442227215 0.5063169598579407 804
1696442227267 0.3767913281917572 805
1696442232241 0.4303382635116577 806
1696442232299 0.10605829209089279 807
1696442232358 0.35555151104927063 808
1696442232416 0.5088508725166321 809
1696442232473 0.3064842224121094 810
1696442232531 0.5118604898452759 811
1696442232590 0.5079736113548279 812
1696442232649 0.791350245475769 813
1696442232712 0.5077919363975525 814
1696442232770 0.06800868362188339 815
1696442232827 0.5217528343200684 816
1696442232883 0.5092421174049377 817
1696442232939 0.5513906478881836 818
1696442232995 1.1803057193756104 819
1696442233052 0.7736434936523438 820
1696442233113 0.3550492227077484 821
1696442233172 0.5096724629402161 822
1696442233231 0.5071901679039001 823
1696442233290 0.2838697135448456 824
1696442233347 0.509849488735199 825
1696442233405 0.1910417675971985 826
1696442233458 0.5866491794586182 827
1696442233511 0.27206623554229736 828
1696442238519 0.5140606760978699 829
1696442238576 0.18289031088352203 830
1696442238632 0.50765061378479 831
1696442238689 0.29616254568099976 832
1696442238747 3.3288660049438477 833
1696442238803 0.5053306221961975 834
1696442238859 0.5192949771881104 835
1696442238917 0.5083714723587036 836
1696442238976 0.4235778748989105 837
1696442239033 0.5529729723930359 838
1696442239089 0.4305947422981262 839
1696442239146 0.3618942201137543 840
1696442239203 0.3939346969127655 841
1696442239259 0.3226291537284851 842
1696442239315 0.5938162803649902 843
1696442239371 0.6543383002281189 844
1696442239429 0.7746514081954956 845
1696442239486 0.10046467185020447 846
1696442239542 0.5278034210205078 847
1696442239599 0.5270516872406006 848
1696442239655 0.5837225914001465 849
1696442239708 0.44690510630607605 850
1696442239761 0.2999396324157715 851
1696442244779 0.5076438188552856 852
1696442244837 0.5159724950790405 853
1696442244893 0.5602185726165771 854
1696442244949 0.5172738432884216 855
1696442245007 0.13577327132225037 856
1696442245064 0.5259969830513 857
1696442245121 0.5673686861991882 858
1696442245180 0.5185896158218384 859
1696442245237 0.5229167342185974 860
1696442245293 0.5076168775558472 861
1696442245350 0.15440833568572998 862
1696442245407 0.13888010382652283 863
1696442245465 0.5089791417121887 864
1696442245521 0.5075516700744629 865
1696442245578 0.527549684047699 866
1696442245635 2.9773032665252686 867
1696442245692 0.21809029579162598 868
1696442245749 0.20284436643123627 869
1696442245806 0.5092278122901917 870
1696442245862 0.18752333521842957 871
1696442245919 0.49627208709716797 872
1696442245970 0.5546405911445618 873
1696442246022 0.39649274945259094 874
1696442251046 0.2139919400215149 875
1696442251103 0.5319783091545105 876
1696442251170 0.5109240412712097 877
1696442251228 0.35474202036857605 878
1696442251285 0.22593706846237183 879
1696442251343 0.624018669128418 880
1696442251399 0.5230765342712402 881
1696442251457 0.43307358026504517 882
1696442251515 0.32168149948120117 883
1696442251572 0.5072561502456665 884
1696442251630 0.516737699508667 885
1696442251690 0.4449586272239685 886
1696442251746 0.5621306896209717 887
1696442251804 0.1066330075263977 888
1696442251861 0.09887895733118057 889
1696442251918 0.29912957549095154 890
1696442251973 0.5086597204208374 891
1696442252030 0.1131618544459343 892
1696442252085 0.5085270404815674 893
1696442252142 0.5141263604164124 894
1696442252199 0.5101543068885803 895
1696442252251 0.132196843624115 896
1696442252304 0.4706003963947296 897
1696442257341 0.5244638323783875 898
1696442257397 0.5140531063079834 899
1696442257454 0.08440230786800385 900
1696442257511 0.17452824115753174 901
1696442257568 0.5142945051193237 902
1696442257626 0.33848831057548523 903
1696442257683 0.5296888947486877 904
1696442257742 0.5467561483383179 905
1696442257803 0.5797945261001587 906
1696442257860 0.26986485719680786 907
1696442257917 0.2056383490562439 908
1696442257973 0.21723517775535583 909
1696442258028 0.5098046660423279 910
1696442258085 0.5843526721000671 911
1696442258142 0.5078344941139221 912
1696442258198 0.514255702495575 913
1696442258254 0.5066450834274292 914
1696442258310 0.2627517879009247 915
1696442258367 0.5186908841133118 916
1696442258424 0.3412410020828247 917
1696442258481 0.13259029388427734 918
1696442258534 0.5073582530021667 919
1696442258585 0.5130214095115662 920
1696442263620 0.5115625262260437 921
1696442263677 0.12060022354125977 922
1696442263735 0.21069544553756714 923
1696442263791 0.18079470098018646 924
1696442263850 0.4594481587409973 925
1696442263907 0.3031642735004425 926
1696442263964 0.5548511147499084 927
1696442264022 0.2572232484817505 928
1696442264078 0.5104705691337585 929
1696442264135 0.07824084162712097 930
1696442264191 0.5139225721359253 931
1696442264247 0.5111850500106812 932
1696442264304 0.39879336953163147 933
1696442264360 0.5154902338981628 934
1696442264418 0.4551105201244354 935
1696442264481 0.1730613112449646 936
1696442264539 0.3564028739929199 937
1696442264595 0.5085887312889099 938
1696442264651 0.5789327025413513 939
1696442264708 0.8002872467041016 940
1696442264765 0.5123596787452698 941
1696442264817 0.5086183547973633 942
1696442264870 0.21306368708610535 943
1696442269865 0.5081734657287598 944
1696442269923 0.18680374324321747 945
1696442269980 0.2995886504650116 946
1696442270037 0.5119738578796387 947
1696442270093 0.5102851390838623 948
1696442270150 0.39230555295944214 949
1696442270207 0.4044575095176697 950
1696442270263 0.12601472437381744 951
1696442270320 0.1033172607421875 952
1696442270378 0.3956639766693115 953
1696442270435 0.14422477781772614 954
1696442270492 0.18498049676418304 955
1696442270548 0.5070540904998779 956
1696442270604 0.5073502659797668 957
1696442270662 0.18099483847618103 958
1696442270719 0.2945302128791809 959
1696442270777 0.5086554288864136 960
1696442270834 0.4405444860458374 961
1696442270891 0.5058517456054688 962
1696442270952 0.3025990128517151 963
1696442271009 0.5067046880722046 964
1696442271061 0.5104943513870239 965
1696442271112 0.5193437337875366 966
1696442276298 0.5129362940788269 967
1696442276355 0.5332526564598083 968
1696442276412 0.5099910497665405 969
1696442276469 0.08718840777873993 970
1696442276525 0.5067999958992004 971
1696442276582 0.506122350692749 972
1696442276639 0.35448455810546875 973
1696442276697 0.39097851514816284 974
1696442276756 0.09448879212141037 975
1696442276813 0.44675493240356445 976
1696442276869 0.5064433217048645 977
1696442276926 0.6181769371032715 978
1696442276982 0.5057584047317505 979
1696442277038 0.40743374824523926 980
1696442277095 0.14524760842323303 981
1696442277153 0.5084235668182373 982
1696442277210 0.5146002769470215 983
1696442277267 0.09416693449020386 984
1696442277323 1.1142683029174805 985
1696442277379 0.5048285126686096 986
1696442277436 0.509376049041748 987
1696442277488 0.5085890889167786 988
1696442277541 0.5103172063827515 989
1696442282514 0.5100275874137878 990
1696442282571 0.5074412226676941 991
1696442282628 0.5072986483573914 992
1696442282685 0.6581640243530273 993
1696442282743 0.5174866318702698 994
1696442282803 0.5065782070159912 995
1696442282859 0.5107487440109253 996
1696442282920 0.3067511320114136 997
1696442282977 0.0875658392906189 998
1696442283034 0.5081868767738342 999
1696442283091 0.09505757689476013 1000
1696442283147 0.5112842917442322 1001
1696442283203 0.5141172409057617 1002
1696442283259 0.5073649287223816 1003
1696442283315 0.5093493461608887 1004
1696442283374 0.2436750829219818 1005
1696442283432 0.40932798385620117 1006
1696442283488 0.5060237646102905 1007
1696442283545 0.166477769613266 1008
1696442283602 0.5072282552719116 1009
1696442283659 0.5065031051635742 1010
1696442283711 0.19798068702220917 1011
1696442283762 0.5137998461723328 1012
1696442288800 0.5048564076423645 1013
1696442288857 0.5076084733009338 1014
1696442288913 0.5070003867149353 1015
1696442288971 0.1922556757926941 1016
1696442289028 0.14804182946681976 1017
1696442289083 0.5075353384017944 1018
1696442289140 0.23890607059001923 1019
1696442289196 0.4644709825515747 1020
1696442289253 0.36284488439559937 1021
1696442289311 0.5044525265693665 1022
1696442289368 0.3093360960483551 1023
1696442289426 0.5094408988952637 1024
1696442289483 0.5054737329483032 1025
1696442289540 0.5191752910614014 1026
1696442289596 0.28000015020370483 1027
1696442289653 0.5153468251228333 1028
1696442289711 0.25392404198646545 1029
1696442289767 0.09691804647445679 1030
1696442289824 0.38249847292900085 1031
1696442289880 0.35946887731552124 1032
1696442289936 0.5103614926338196 1033
1696442289989 0.12379244714975357 1034
1696442290045 0.2809894382953644 1035
1696442295095 0.6606264114379883 1036
1696442295153 0.49600088596343994 1037
1696442295210 0.5113944411277771 1038
1696442295267 0.12126606702804565 1039
1696442295324 0.6569834351539612 1040
1696442295382 0.5713518261909485 1041
1696442295439 0.13116991519927979 1042
1696442295498 0.5094262361526489 1043
1696442295557 0.45938125252723694 1044
1696442295614 0.5063742995262146 1045
1696442295672 0.07987381517887115 1046
1696442295731 0.166782945394516 1047
1696442295789 0.2379274070262909 1048
1696442295846 0.5331374406814575 1049
1696442295903 0.2561604082584381 1050
1696442295960 0.18991251289844513 1051
1696442296016 0.5103174448013306 1052
1696442296073 0.5683982372283936 1053
1696442296130 0.5143557190895081 1054
1696442296187 0.3623500168323517 1055
1696442296245 0.11293607950210571 1056
1696442296298 0.5139499306678772 1057
1696442296350 0.5086220502853394 1058
1696442301377 0.5188401937484741 1059
1696442301433 0.510087788105011 1060
1696442301490 0.5134457945823669 1061
1696442301548 0.11741755902767181 1062
1696442301606 0.2837375998497009 1063
1696442301665 1.1184592247009277 1064
1696442301721 0.5130555033683777 1065
1696442301778 0.531051754951477 1066
1696442301834 0.5116744637489319 1067
1696442301890 0.5074708461761475 1068
1696442301948 0.11800096929073334 1069
1696442302006 0.22313587367534637 1070
1696442302062 0.5124592781066895 1071
1696442302119 0.5047489404678345 1072
1696442302174 0.508709728717804 1073
1696442302231 0.3380811810493469 1074
1696442302288 0.5049896240234375 1075
1696442302345 0.4923088848590851 1076
1696442302402 0.28228241205215454 1077
1696442302458 2.401387929916382 1078
1696442302515 0.35668879747390747 1079
1696442302568 0.5027867555618286 1080
1696442302620 0.5439297556877136 1081
1696442307648 0.6412943601608276 1082
1696442307706 0.5284262299537659 1083
1696442307764 0.6064704060554504 1084
1696442307821 0.7212671637535095 1085
1696442307879 0.21268098056316376 1086
1696442307937 0.5393235087394714 1087
1696442307994 0.43029022216796875 1088
1696442308051 0.10603085160255432 1089
1696442308108 0.14083296060562134 1090
1696442308166 0.5888107419013977 1091
1696442308225 0.16254723072052002 1092
1696442308283 0.37378641963005066 1093
1696442308340 0.5830532908439636 1094
1696442308399 0.18960227072238922 1095
1696442308455 0.5155838131904602 1096
1696442308515 0.6149351596832275 1097
1696442308571 0.5107462406158447 1098
1696442308628 0.5243360996246338 1099
1696442308685 0.5088725686073303 1100
1696442308742 0.5902069807052612 1101
1696442308800 0.46310704946517944 1102
1696442308852 0.4857674241065979 1103
1696442308905 0.22659030556678772 1104
1696442313903 0.10355640202760696 1105
1696442313961 0.1781773716211319 1106
1696442314019 0.5096346735954285 1107
1696442314076 0.5089085102081299 1108
1696442314133 2.9678568840026855 1109
1696442314191 0.42685002088546753 1110
1696442314247 0.16523881256580353 1111
1696442314305 0.14148423075675964 1112
1696442314362 0.6784572005271912 1113
1696442314419 0.5205339193344116 1114
1696442314479 0.2921728789806366 1115
1696442314538 0.5098329782485962 1116
1696442314596 0.5083914399147034 1117
1696442314653 0.10320395231246948 1118
1696442314709 0.5113124251365662 1119
1696442314765 0.15414172410964966 1120
1696442314824 0.8111895322799683 1121
1696442314884 0.5067550539970398 1122
1696442314940 0.22223076224327087 1123
1696442314997 0.27330756187438965 1124
1696442315053 0.521296501159668 1125
1696442315105 0.508479654788971 1126
1696442315158 0.11269648373126984 1127
1696442320196 0.10408402979373932 1128
1696442320254 0.5715436935424805 1129
1696442320312 0.2897423505783081 1130
1696442320370 0.618242621421814 1131
1696442320428 0.5514562129974365 1132
1696442320486 0.3252423405647278 1133
1696442320543 0.5080115795135498 1134
1696442320601 0.5068938136100769 1135
1696442320659 0.5231843590736389 1136
1696442320716 0.5145298838615417 1137
1696442320775 0.6717700958251953 1138
1696442320833 0.44149866700172424 1139
1696442320890 0.4901985824108124 1140
1696442320947 0.10451744496822357 1141
1696442321004 0.15911231935024261 1142
1696442321062 0.28889477252960205 1143
1696442321120 0.17098085582256317 1144
1696442321177 0.3631163239479065 1145
1696442321235 0.48050469160079956 1146
1696442321292 0.2018992304801941 1147
1696442321350 0.5089678168296814 1148
1696442321403 0.5068897008895874 1149
1696442321455 0.519737184047699 1150
1696442326494 0.5135114192962646 1151
1696442326552 0.15802717208862305 1152
1696442326611 0.5103447437286377 1153
1696442326668 0.511490523815155 1154
1696442326725 0.51771479845047 1155
1696442326781 0.5077189207077026 1156
1696442326838 0.5249006152153015 1157
1696442326896 0.48457303643226624 1158
1696442326954 0.07094047963619232 1159
1696442327011 0.34473031759262085 1160
1696442327068 0.1642232984304428 1161
1696442327126 0.5065610408782959 1162
1696442327184 0.21876949071884155 1163
1696442327242 1.0357167720794678 1164
1696442327300 0.5044661164283752 1165
1696442327358 0.6753004193305969 1166
1696442327415 0.6064884066581726 1167
1696442327472 0.5233772397041321 1168
1696442327529 0.5007808208465576 1169
1696442327586 0.9464225769042969 1170
1696442327643 0.5120501518249512 1171
1696442327695 0.26734983921051025 1172
1696442327746 0.5772569179534912 1173
1696442332808 0.27802687883377075 1174
1696442332866 0.5113205313682556 1175
1696442332923 0.29205989837646484 1176
1696442332980 0.5998073816299438 1177
1696442333037 0.5208214521408081 1178
1696442333097 0.6979844570159912 1179
1696442333155 0.5627815127372742 1180
1696442333212 0.8576210737228394 1181
1696442333269 0.5579984188079834 1182
1696442333325 0.5123639106750488 1183
1696442333383 0.5354210138320923 1184
1696442333440 0.5164121985435486 1185
1696442333499 0.4940025508403778 1186
1696442333557 0.5127977728843689 1187
1696442333615 0.5065746903419495 1188
1696442333673 0.5065423250198364 1189
1696442333730 0.5538898706436157 1190
1696442333788 0.2116260826587677 1191
1696442333845 0.3979702591896057 1192
1696442333901 0.5100146532058716 1193
1696442333958 0.9019345641136169 1194
1696442334011 0.5658300518989563 1195
1696442334063 0.1852046549320221 1196
1696442339192 0.466562956571579 1197
1696442339249 0.09913308918476105 1198
1696442339306 0.5079411864280701 1199
1696442339363 0.5166771411895752 1200
1696442339420 0.5112563967704773 1201
1696442339478 0.37954965233802795 1202
1696442339535 0.5113714337348938 1203
1696442339593 0.5392709970474243 1204
1696442339650 0.5140685439109802 1205
1696442339706 0.5073224306106567 1206
1696442339764 0.16708794236183167 1207
1696442339821 0.5076107382774353 1208
1696442339878 0.5206946730613708 1209
1696442339935 0.37707000970840454 1210
1696442339992 0.20501258969306946 1211
1696442340051 0.646971583366394 1212
1696442340108 0.4820360541343689 1213
1696442340164 0.6482350826263428 1214
1696442340221 0.5107132792472839 1215
1696442340277 0.20378705859184265 1216
1696442340335 0.2861137390136719 1217
1696442340388 0.3562147617340088 1218
1696442340440 0.5234320759773254 1219
1696442345490 0.1106691062450409 1220
1696442345547 0.6672121286392212 1221
1696442345604 0.16445128619670868 1222
1696442345661 0.15008804202079773 1223
1696442345721 0.5175701975822449 1224
1696442345777 0.5550124645233154 1225
1696442345834 0.512849748134613 1226
1696442345891 0.5098175406455994 1227
1696442345948 0.5203304886817932 1228
1696442346005 0.4439047873020172 1229
1696442346063 0.1323884278535843 1230
1696442346121 0.18198883533477783 1231
1696442346179 0.5125168561935425 1232
1696442346237 0.5216128826141357 1233
1696442346296 0.22599099576473236 1234
1696442346359 0.5096116662025452 1235
1696442346419 0.35672396421432495 1236
1696442346475 0.5146804451942444 1237
1696442346533 0.4479352533817291 1238
1696442346592 0.5120621919631958 1239
1696442346649 0.502975583076477 1240
1696442346702 0.5083070397377014 1241
1696442346754 0.15008196234703064 1242
1696442351739 0.5218715667724609 1243
1696442351799 0.26562994718551636 1244
1696442351858 0.1428235024213791 1245
1696442351917 0.16326019167900085 1246
1696442351975 0.41517767310142517 1247
1696442352034 0.5110285878181458 1248
1696442352094 0.24193346500396729 1249
1696442352154 0.15514545142650604 1250
1696442352213 0.5187016129493713 1251
1696442352274 0.13811492919921875 1252
1696442352333 0.516889214515686 1253
1696442352392 0.16744321584701538 1254
1696442352452 0.5675492882728577 1255
1696442352512 0.11731979250907898 1256
1696442352571 0.5065680742263794 1257
1696442352630 0.5064699053764343 1258
1696442352690 0.10828915983438492 1259
1696442352749 0.15824295580387115 1260
1696442352807 0.2370375096797943 1261
1696442352864 0.5077604055404663 1262
1696442352922 0.16037005186080933 1263
1696442352974 0.50840163230896 1264
1696442353027 0.34986209869384766 1265
1696442358087 0.23137514293193817 1266
1696442358144 0.3389104902744293 1267
1696442358201 0.2422209084033966 1268
1696442358258 0.5059810876846313 1269
1696442358314 0.5076697468757629 1270
1696442358371 0.13763892650604248 1271
1696442358429 0.1156095489859581 1272
1696442358486 0.8681713342666626 1273
1696442358543 0.43840205669403076 1274
1696442358600 0.506575882434845 1275
1696442358656 0.5079969763755798 1276
1696442358713 0.5072987675666809 1277
1696442358770 0.39150315523147583 1278
1696442358828 0.32006725668907166 1279
1696442358886 0.13002677261829376 1280
1696442358943 0.5455130338668823 1281
1696442359000 0.17654827237129211 1282
1696442359057 0.5059133768081665 1283
1696442359114 0.5120967030525208 1284
1696442359171 0.5133432149887085 1285
1696442359229 0.1344119757413864 1286
1696442359282 0.12100888788700104 1287
1696442359333 0.5067575573921204 1288
1696442364315 0.11029694974422455 1289
1696442364372 0.08025090396404266 1290
1696442364429 0.5074220895767212 1291
1696442364489 0.5244795083999634 1292
1696442364548 0.21320554614067078 1293
1696442364608 0.07641874998807907 1294
1696442364667 0.5005008578300476 1295
1696442364726 0.5075489282608032 1296
1696442364788 0.4928739666938782 1297
1696442364846 0.5151176452636719 1298
1696442364905 0.318769633769989 1299
1696442364963 0.5866561532020569 1300
1696442365019 0.5269726514816284 1301
1696442365076 0.5873268842697144 1302
1696442365133 0.325276255607605 1303
1696442365191 0.31819063425064087 1304
1696442365248 0.5121133923530579 1305
1696442365306 0.2698398530483246 1306
1696442365363 0.5377703905105591 1307
1696442365421 0.163885697722435 1308
1696442365479 0.2573395371437073 1309
1696442365532 0.44689589738845825 1310
1696442365584 0.5193573832511902 1311
1696442370569 0.45390385389328003 1312
1696442370628 0.5129150152206421 1313
1696442370687 0.199529230594635 1314
1696442370745 0.7326347827911377 1315
1696442370803 0.581800639629364 1316
1696442370861 0.27087703347206116 1317
1696442370919 0.27723610401153564 1318
1696442370978 0.2891799211502075 1319
1696442371035 0.18551452457904816 1320
1696442371094 0.1055879071354866 1321
1696442371151 0.24194008111953735 1322
1696442371208 0.1705755889415741 1323
1696442371266 0.1487807333469391 1324
1696442371323 0.5332367420196533 1325
1696442371381 0.5268075466156006 1326
1696442371439 0.4302099943161011 1327
1696442371496 0.5117506384849548 1328
1696442371555 0.3573076128959656 1329
1696442371612 0.1050262302160263 1330
1696442371669 0.40377578139305115 1331
1696442371726 0.506301760673523 1332
1696442371779 0.5081114768981934 1333
1696442371831 0.5103576183319092 1334
1696442376840 0.4950603246688843 1335
1696442376898 0.35022979974746704 1336
1696442376956 0.23161844909191132 1337
1696442377015 0.2550886273384094 1338
1696442377072 0.5128462314605713 1339
1696442377132 0.5172714591026306 1340
1696442377189 0.5206761956214905 1341
1696442377247 0.21563684940338135 1342
1696442377304 0.5221251249313354 1343
1696442377362 0.6673693656921387 1344
1696442377419 0.5213946104049683 1345
1696442377477 0.5589942336082458 1346
1696442377534 0.5119047164916992 1347
1696442377590 0.5233399868011475 1348
1696442377648 0.3995862305164337 1349
1696442377705 0.512740433216095 1350
1696442377764 0.5545566082000732 1351
1696442377825 0.43523213267326355 1352
1696442377883 0.522498369216919 1353
1696442377941 0.547362744808197 1354
1696442377999 0.49768075346946716 1355
1696442378052 0.09442983567714691 1356
1696442378105 0.28865867853164673 1357
1696442383156 0.5178901553153992 1358
1696442383215 0.2554317116737366 1359
1696442383275 0.16939637064933777 1360
1696442383334 0.13582366704940796 1361
1696442383394 0.5556941032409668 1362
1696442383452 0.5152429938316345 1363
1696442383510 0.5089854598045349 1364
1696442383569 0.5195695161819458 1365
1696442383627 0.5149234533309937 1366
1696442383684 0.5126465559005737 1367
1696442383743 0.11735741049051285 1368
1696442383802 0.28709346055984497 1369
1696442383861 0.5305852890014648 1370
1696442383919 0.30408257246017456 1371
1696442383977 0.5066543221473694 1372
1696442384035 0.2521422505378723 1373
1696442384093 0.30203402042388916 1374
1696442384150 0.5118700861930847 1375
1696442384208 0.19488413631916046 1376
1696442384267 0.2225870043039322 1377
1696442384325 0.16777092218399048 1378
1696442384378 0.5103825330734253 1379
1696442384431 0.23865275084972382 1380
1696442389534 0.3803282380104065 1381
1696442389591 0.5163977742195129 1382
1696442389648 0.5219144225120544 1383
1696442389705 0.0977284163236618 1384
1696442389762 0.301714152097702 1385
1696442389820 0.32809197902679443 1386
1696442389878 0.5636398792266846 1387
1696442389935 0.7390679121017456 1388
1696442389991 0.5507200360298157 1389
1696442390047 0.5305361151695251 1390
1696442390104 0.33234500885009766 1391
1696442390161 0.16788740456104279 1392
1696442390221 0.5173442959785461 1393
1696442390280 0.5206791758537292 1394
1696442390340 0.5120925307273865 1395
1696442390400 0.3114444613456726 1396
1696442390460 0.5983233451843262 1397
1696442390521 0.17234504222869873 1398
1696442390582 0.2056652009487152 1399
1696442390642 0.9914647340774536 1400
1696442390702 0.23419617116451263 1401
1696442390757 0.5070033669471741 1402
1696442390810 0.2804616093635559 1403
1696442395817 0.656233549118042 1404
1696442395874 0.5499785542488098 1405
1696442395931 0.16198886930942535 1406
1696442395988 0.13781622052192688 1407
1696442396045 0.2502634525299072 1408
1696442396101 0.6050654649734497 1409
1696442396158 0.20235592126846313 1410
1696442396215 0.5166202783584595 1411
1696442396272 0.5064577460289001 1412
1696442396328 0.5215956568717957 1413
1696442396385 0.2504737377166748 1414
1696442396442 0.5123946070671082 1415
1696442396499 0.5098881125450134 1416
1696442396557 0.08123791217803955 1417
1696442396614 0.5255246758460999 1418
1696442396671 0.19902382791042328 1419
1696442396729 0.27141356468200684 1420
1696442396787 0.20079980790615082 1421
1696442396846 0.5645802617073059 1422
1696442396903 0.15498903393745422 1423
1696442396961 0.1409892737865448 1424
1696442397013 0.5074493288993835 1425
1696442397065 0.506519079208374 1426
1696442402126 0.2027275413274765 1427
1696442402184 0.3440491855144501 1428
1696442402242 0.35288557410240173 1429
1696442402298 0.5053566098213196 1430
1696442402356 0.10479022562503815 1431
1696442402414 0.5077873468399048 1432
1696442402472 0.5506814122200012 1433
1696442402530 0.4121013879776001 1434
1696442402588 0.5079898834228516 1435
1696442402645 0.24938100576400757 1436
1696442402703 0.507183849811554 1437
1696442402760 0.19938811659812927 1438
1696442402817 0.26101648807525635 1439
1696442402875 0.521730899810791 1440
1696442402931 0.5231374502182007 1441
1696442402988 0.5100647211074829 1442
1696442403045 0.5093713998794556 1443
1696442403103 0.5133387446403503 1444
1696442403160 0.2675659656524658 1445
1696442403216 0.2968692481517792 1446
1696442403274 0.22280442714691162 1447
1696442403326 0.054782141000032425 1448
1696442403378 0.28477469086647034 1449
1696442408564 0.16405382752418518 1450
1696442408621 0.5068262815475464 1451
1696442408678 0.5126808285713196 1452
1696442408735 0.4419058561325073 1453
1696442408794 0.506883978843689 1454
1696442408852 0.5114630460739136 1455
1696442408910 0.22092178463935852 1456
1696442408968 0.14765770733356476 1457
1696442409025 0.09648973494768143 1458
1696442409081 0.5096285343170166 1459
1696442409137 0.47353991866111755 1460
1696442409194 0.5053552389144897 1461
1696442409252 0.15551182627677917 1462
1696442409309 0.5070781707763672 1463
1696442409366 0.5134058594703674 1464
1696442409423 0.5073938965797424 1465
1696442409481 0.3168063163757324 1466
1696442409538 0.5028577446937561 1467
1696442409595 0.4874919652938843 1468
1696442409652 0.5136614441871643 1469
1696442409709 0.2161286175251007 1470
1696442409761 0.5113780498504639 1471
1696442409813 0.14486533403396606 1472
1696442414885 0.5064122676849365 1473
1696442414942 0.5103839635848999 1474
1696442415005 0.1787581592798233 1475
1696442415062 0.5119823217391968 1476
1696442415119 0.18915922939777374 1477
1696442415177 0.16643281280994415 1478
1696442415234 0.7184700965881348 1479
1696442415292 0.6196649074554443 1480
1696442415350 0.2939533591270447 1481
1696442415408 0.5211778879165649 1482
1696442415467 2.5731446743011475 1483
1696442415527 0.5099092721939087 1484
1696442415587 0.26806145906448364 1485
1696442415644 0.47177132964134216 1486
1696442415701 0.5075953006744385 1487
1696442415760 0.5940402150154114 1488
1696442415817 0.5082324743270874 1489
1696442415873 0.5081349015235901 1490
1696442415931 0.5058917999267578 1491
1696442415989 0.5561398863792419 1492
1696442416048 0.5070565342903137 1493
1696442416101 0.37739959359169006 1494
1696442416153 0.5427798628807068 1495
1696442421167 0.4187788963317871 1496
1696442421224 0.5169546604156494 1497
1696442421281 0.5072330832481384 1498
1696442421338 0.38845837116241455 1499
1696442421395 0.5077522397041321 1500
1696442421452 0.19535614550113678 1501
1696442421510 0.5512958765029907 1502
1696442421570 0.5324263572692871 1503
1696442421628 0.510577917098999 1504
1696442421688 0.6511157751083374 1505
1696442421748 0.2276242971420288 1506
1696442421805 0.5059942007064819 1507
1696442421861 0.5085157155990601 1508
1696442421918 0.5184260606765747 1509
1696442421975 0.25671258568763733 1510
1696442422031 0.5499566793441772 1511
1696442422088 0.10311877727508545 1512
1696442422145 0.5092372298240662 1513
1696442422202 0.323542058467865 1514
1696442422259 0.46337801218032837 1515
1696442422315 0.514580488204956 1516
1696442422368 0.08597256243228912 1517
1696442422420 0.31508833169937134 1518
1696442427481 0.5110540390014648 1519
1696442427539 0.3343583047389984 1520
1696442427595 0.38271957635879517 1521
1696442427651 0.5233748555183411 1522
1696442427707 0.5200988054275513 1523
1696442427764 0.527424693107605 1524
1696442427820 0.5158507227897644 1525
1696442427875 0.5112369060516357 1526
1696442427932 0.5383162498474121 1527
1696442427988 0.5147607922554016 1528
1696442428046 0.5962486863136292 1529
1696442428103 0.2204308658838272 1530
1696442428160 0.5092691779136658 1531
1696442428216 0.3118452727794647 1532
1696442428273 0.5051963329315186 1533
1696442428329 0.5061607360839844 1534
1696442428386 0.508134126663208 1535
1696442428443 0.6903656721115112 1536
1696442428499 0.5071456432342529 1537
1696442428559 0.25617140531539917 1538
1696442428618 0.5998780131340027 1539
1696442428670 0.500397801399231 1540
1696442428722 0.5059807896614075 1541
1696442433717 0.7172662019729614 1542
1696442433773 0.5059112906455994 1543
1696442433830 0.25531697273254395 1544
1696442433887 0.29524171352386475 1545
1696442433943 0.5086190700531006 1546
1696442434000 0.5272677540779114 1547
1696442434056 0.5605953335762024 1548
1696442434111 0.5143672227859497 1549
1696442434167 0.5098335146903992 1550
1696442434225 0.1467561423778534 1551
1696442434284 0.520453155040741 1552
1696442434341 0.2780221104621887 1553
1696442434398 0.214148610830307 1554
1696442434457 0.2537161111831665 1555
1696442434514 0.11193911731243134 1556
1696442434571 0.2183741182088852 1557
1696442434627 0.5466386675834656 1558
1696442434685 0.9994008541107178 1559
1696442434743 0.3384636640548706 1560
1696442434803 0.5131852626800537 1561
1696442434860 0.16906970739364624 1562
1696442434912 0.5548312664031982 1563
1696442434963 0.5064190030097961 1564
1696442440018 0.6403595209121704 1565
1696442440075 0.3462541103363037 1566
1696442440131 0.14383523166179657 1567
1696442440188 0.14595797657966614 1568
1696442440244 0.15118975937366486 1569
1696442440303 0.5067044496536255 1570
1696442440359 0.5118433237075806 1571
1696442440416 0.3560752868652344 1572
1696442440474 0.4663068652153015 1573
1696442440532 0.24160988628864288 1574
1696442440589 0.5088077187538147 1575
1696442440645 0.50519198179245 1576
1696442440702 0.508815348148346 1577
1696442440759 0.058505453169345856 1578
1696442440815 0.24132031202316284 1579
1696442440871 0.5043681859970093 1580
1696442440927 0.4976666569709778 1581
1696442440984 0.1381365954875946 1582
1696442441043 1.1582773923873901 1583
1696442441100 0.1679821014404297 1584
1696442441156 0.5070791840553284 1585
1696442441209 0.18090938031673431 1586
1696442441261 0.3774416446685791 1587
1696442446310 0.22242632508277893 1588
1696442446367 0.15483194589614868 1589
1696442446423 0.09755466878414154 1590
1696442446481 0.11597718298435211 1591
1696442446538 0.5343263745307922 1592
1696442446595 1.0957515239715576 1593
1696442446652 0.5171335339546204 1594
1696442446709 0.482967734336853 1595
1696442446770 0.22301572561264038 1596
1696442446828 0.20068678259849548 1597
1696442446884 0.5139802694320679 1598
1696442446941 0.5091032385826111 1599
1696442446997 0.5077582597732544 1600
1696442447055 2.268223762512207 1601
1696442447111 0.5504795908927917 1602
1696442447168 0.5067842602729797 1603
1696442447224 0.5237889885902405 1604
1696442447280 0.5084884762763977 1605
1696442447337 0.694900393486023 1606
1696442447394 0.5128629207611084 1607
1696442447452 0.282773494720459 1608
1696442447504 0.4359312653541565 1609
1696442447556 0.508611261844635 1610
1696442452576 0.5195003747940063 1611
1696442452633 0.1928851157426834 1612
1696442452690 0.5782718062400818 1613
1696442452747 0.2771609127521515 1614
1696442452804 0.26645833253860474 1615
1696442452861 0.4646860659122467 1616
1696442452919 0.16337919235229492 1617
1696442452977 0.33736956119537354 1618
1696442453035 0.19426681101322174 1619
1696442453092 0.1513235867023468 1620
1696442453149 0.5968188643455505 1621
1696442453205 0.5073243379592896 1622
1696442453262 0.4905646741390228 1623
1696442453320 0.3905266523361206 1624
1696442453378 0.5584237575531006 1625
1696442453434 0.510948896408081 1626
1696442453490 0.5251731872558594 1627
1696442453546 0.5135562419891357 1628
1696442453603 0.4913780689239502 1629
1696442453660 0.31815794110298157 1630
1696442453718 0.1774018406867981 1631
1696442453771 0.10757654905319214 1632
1696442453822 0.506230354309082 1633
1696442458878 0.5479161739349365 1634
1696442458937 0.49138733744621277 1635
1696442459005 0.5278463363647461 1636
1696442459062 0.5060390830039978 1637
1696442459119 0.08134002238512039 1638
1696442459176 0.475994348526001 1639
1696442459233 0.518527626991272 1640
1696442459289 0.5443602800369263 1641
1696442459346 0.09750553965568542 1642
1696442459402 0.5073762536048889 1643
1696442459458 0.573425829410553 1644
1696442459516 0.3660353422164917 1645
1696442459572 0.5572929382324219 1646
1696442459629 0.45362043380737305 1647
1696442459686 0.507749617099762 1648
1696442459743 0.16580501198768616 1649
1696442459799 0.10151062160730362 1650
1696442459857 0.5059022903442383 1651
1696442459914 0.32035914063453674 1652
1696442459971 0.13966001570224762 1653
1696442460029 0.5060656666755676 1654
1696442460083 0.2535645365715027 1655
1696442460134 0.5066999197006226 1656
1696442465199 0.4024069309234619 1657
1696442465256 0.24550235271453857 1658
1696442465314 0.5092920064926147 1659
1696442465371 0.08906945586204529 1660
1696442465428 0.43536362051963806 1661
1696442465484 0.5141421556472778 1662
1696442465542 0.07956764101982117 1663
1696442465599 0.15092051029205322 1664
1696442465657 0.500050961971283 1665
1696442465716 0.22608575224876404 1666
1696442465774 0.5079721808433533 1667
1696442465830 0.5230333805084229 1668
1696442465887 0.3722172677516937 1669
1696442465943 0.5083008408546448 1670
1696442465999 0.49185293912887573 1671
1696442466056 0.5113644003868103 1672
1696442466113 0.29025977849960327 1673
1696442466177 0.7354098558425903 1674
1696442466234 0.5091845393180847 1675
1696442466290 0.5089512467384338 1676
1696442466346 0.5078451633453369 1677
1696442466398 0.544241726398468 1678
1696442466450 0.519550085067749 1679
1696442471471 0.21258915960788727 1680
1696442471529 0.5176758170127869 1681
1696442471586 0.5519113540649414 1682
1696442471643 0.17552779614925385 1683
1696442471701 0.17525574564933777 1684
1696442471760 0.16184566915035248 1685
1696442471818 0.6493305563926697 1686
1696442471875 0.5113557577133179 1687
1696442471934 0.20553115010261536 1688
1696442471994 0.5070980787277222 1689
1696442472052 0.5155882835388184 1690
1696442472110 0.5072493553161621 1691
1696442472168 0.1699094921350479 1692
1696442472226 0.4939477741718292 1693
1696442472283 0.5051642656326294 1694
1696442472343 0.12103037536144257 1695
1696442472400 0.5051621794700623 1696
1696442472458 0.41745156049728394 1697
1696442472516 0.14317405223846436 1698
1696442472575 0.4984974265098572 1699
1696442472633 0.5067711472511292 1700
1696442472687 0.19589857757091522 1701
1696442472740 0.3043278455734253 1702
1696442477926 0.5068705081939697 1703
1696442477983 0.5102713704109192 1704
1696442478039 0.08247733116149902 1705
1696442478097 0.5069830417633057 1706
1696442478153 0.4449934661388397 1707
1696442478211 0.22716441750526428 1708
1696442478268 0.3565901219844818 1709
1696442478325 0.5119901299476624 1710
1696442478382 0.302538126707077 1711
1696442478439 0.508749783039093 1712
1696442478511 0.5088443160057068 1713
1696442478568 0.5132958292961121 1714
1696442478624 0.5066928267478943 1715
1696442478681 0.5393742918968201 1716
1696442478739 0.6156924962997437 1717
1696442478796 1.1564204692840576 1718
1696442478852 0.5073490142822266 1719
1696442478908 0.5068343281745911 1720
1696442478964 0.519812822341919 1721
1696442479021 0.14991605281829834 1722
1696442479077 0.5237644910812378 1723
1696442479130 0.7570013999938965 1724
1696442479183 0.21708214282989502 1725
1696442484179 0.5150617957115173 1726
1696442484236 0.1860434114933014 1727
1696442484293 0.25601357221603394 1728
1696442484351 0.5151728391647339 1729
1696442484409 0.11360930651426315 1730
1696442484467 0.6411058902740479 1731
1696442484523 0.6177226305007935 1732
1696442484583 0.3978896141052246 1733
1696442484642 0.5058106184005737 1734
1696442484698 0.15420985221862793 1735
1696442484755 0.11326822638511658 1736
1696442484811 0.166591078042984 1737
1696442484868 0.5246374011039734 1738
1696442484925 0.47404593229293823 1739
1696442484982 0.4689263105392456 1740
1696442485038 0.7165048122406006 1741
1696442485095 0.215279221534729 1742
1696442485152 0.13574445247650146 1743
1696442485209 0.7273526787757874 1744
1696442485266 0.7850984334945679 1745
1696442485323 0.17409518361091614 1746
1696442485375 0.5148590803146362 1747
1696442485428 0.08196039497852325 1748
1696442490551 0.12385861575603485 1749
1696442490609 0.50581294298172 1750
1696442490666 0.5144402384757996 1751
1696442490723 0.5067291259765625 1752
1696442490779 0.507640540599823 1753
1696442490835 0.5172796249389648 1754
1696442490891 0.5322684049606323 1755
1696442490947 0.5091325640678406 1756
1696442491004 0.5135370492935181 1757
1696442491060 1.0275154113769531 1758
1696442491116 0.24072232842445374 1759
1696442491172 0.5421687960624695 1760
1696442491228 0.4306982159614563 1761
1696442491286 0.19249887764453888 1762
1696442491342 0.25626063346862793 1763
1696442491400 0.24752280116081238 1764
1696442491457 0.5076253414154053 1765
1696442491514 0.5269486904144287 1766
1696442491573 0.27190548181533813 1767
1696442491629 0.5257624387741089 1768
1696442491687 0.5150813460350037 1769
1696442491740 0.46813130378723145 1770
1696442491792 1.4651787281036377 1771
1696442496831 0.5236448645591736 1772
1696442496890 0.19683589041233063 1773
1696442496947 0.12814901769161224 1774
1696442497005 0.5262881517410278 1775
1696442497062 0.4904632866382599 1776
1696442497119 0.5119996070861816 1777
1696442497175 0.5325908660888672 1778
1696442497233 0.26157498359680176 1779
1696442497290 0.2366499900817871 1780
1696442497347 0.3484029471874237 1781
1696442497405 0.29989391565322876 1782
1696442497463 0.2935379147529602 1783
1696442497520 0.5111701488494873 1784
1696442497577 0.5111537575721741 1785
1696442497634 0.2395966500043869 1786
1696442497693 0.5056706070899963 1787
1696442497751 0.507247269153595 1788
1696442497808 0.2304738610982895 1789
1696442497866 0.49949735403060913 1790
1696442497925 0.0747576504945755 1791
1696442497983 0.25648361444473267 1792
1696442498038 0.11977384984493256 1793
1696442498090 0.4884561002254486 1794
1696442503248 0.23228488862514496 1795
1696442503309 0.4504750370979309 1796
1696442503370 0.5119535326957703 1797
1696442503429 0.5106350779533386 1798
1696442503491 0.3299095034599304 1799
1696442503552 0.10599455237388611 1800
1696442503612 0.5086476802825928 1801
1696442503675 0.5083170533180237 1802
1696442503735 0.3475078344345093 1803
1696442503794 0.5045355558395386 1804
1696442503864 0.2594216465950012 1805
1696442503965 0.505363941192627 1806
1696442504026 0.2490873783826828 1807
1696442504089 0.5101171731948853 1808
1696442504150 0.5065450668334961 1809
1696442504210 0.5380566120147705 1810
1696442504272 0.18413306772708893 1811
1696442504331 0.18397557735443115 1812
1696442504392 0.5153084397315979 1813
1696442504453 0.509118378162384 1814
1696442504514 0.2669382095336914 1815
1696442504572 0.4923548698425293 1816
1696442504630 0.0895707905292511 1817
1696442511632 0.5064907670021057 1818
1696442511734 0.5069950222969055 1819
1696442511827 0.5051592588424683 1820
1696442511885 0.2665756642818451 1821
1696442511944 0.0910993292927742 1822
1696442512002 0.5044366121292114 1823
1696442512061 0.45996740460395813 1824
1696442512121 0.11501090973615646 1825
1696442512180 0.5052991509437561 1826
1696442512239 0.5073451995849609 1827
1696442512300 0.5045115947723389 1828
1696442512358 0.13837569952011108 1829
1696442512416 0.5052899718284607 1830
1696442512475 0.051807843148708344 1831
1696442512532 0.5057443380355835 1832
1696442512590 0.23491141200065613 1833
1696442512649 0.1362381875514984 1834
1696442512709 0.08961846679449081 1835
1696442512772 0.2290741205215454 1836
1696442512830 0.7766470313072205 1837
1696442512887 0.15223172307014465 1838
1696442512941 0.9951776266098022 1839
1696442512997 0.5972697734832764 1840
1696442518225 0.5042344331741333 1841
1696442518283 0.22321128845214844 1842
1696442518340 0.2684664726257324 1843
1696442518404 0.510132908821106 1844
1696442518461 0.855579137802124 1845
1696442518519 0.2576581835746765 1846
1696442518579 0.20471325516700745 1847
1696442518639 0.15128874778747559 1848
1696442518697 0.12455063313245773 1849
1696442518755 0.19188806414604187 1850
1696442518815 0.21012242138385773 1851
1696442518873 0.5372313857078552 1852
1696442518932 0.5138624906539917 1853
1696442518991 0.5054216384887695 1854
1696442519050 0.2509308159351349 1855
1696442519109 0.09234978258609772 1856
1696442519167 0.5124852061271667 1857
1696442519224 1.358108639717102 1858
1696442519283 0.5163502097129822 1859
1696442519342 0.5156548023223877 1860
1696442519401 0.2534068524837494 1861
1696442519455 0.5216038823127747 1862
1696442519507 0.5087737441062927 1863
1696442524586 0.5026565790176392 1864
1696442524643 0.5111314654350281 1865
1696442524701 0.5077786445617676 1866
1696442524758 0.13528016209602356 1867
1696442524815 0.19639897346496582 1868
1696442524872 0.17505007982254028 1869
1696442524929 0.304337739944458 1870
1696442524986 0.12530872225761414 1871
1696442525042 0.5084785223007202 1872
1696442525103 0.08824425935745239 1873
1696442525159 0.509398341178894 1874
1696442525216 0.5042976140975952 1875
1696442525273 0.7345635890960693 1876
1696442525329 0.5088879466056824 1877
1696442525386 0.5054395794868469 1878
1696442525443 0.29274898767471313 1879
1696442525501 0.5319561958312988 1880
1696442525568 0.1464066505432129 1881
1696442525624 0.5063431859016418 1882
1696442525681 0.5044655203819275 1883
1696442525737 0.5182837247848511 1884
1696442525788 0.5093017220497131 1885
1696442525839 0.5153740048408508 1886
1696442530851 0.2112271934747696 1887
1696442530910 0.5058016777038574 1888
1696442530970 0.5103300213813782 1889
1696442531029 0.11479278653860092 1890
1696442531089 0.1084943488240242 1891
1696442531148 0.35346513986587524 1892
1696442531208 0.051046233624219894 1893
1696442531268 0.17527037858963013 1894
1696442531328 0.5569694638252258 1895
1696442531387 0.5045567154884338 1896
1696442531447 0.5065361261367798 1897
1696442531508 0.08602675795555115 1898
1696442531568 0.505486786365509 1899
1696442531628 0.5046456456184387 1900
1696442531688 0.2027616947889328 1901
1696442531751 0.5049120783805847 1902
1696442531812 0.5113042593002319 1903
1696442531873 0.1601046919822693 1904
1696442531934 0.42744287848472595 1905
1696442531995 0.4163252115249634 1906
1696442532056 0.441142737865448 1907
1696442532110 0.1905290186405182 1908
1696442532163 0.45726504921913147 1909
1696442537233 0.2570039927959442 1910
1696442537291 0.17774026095867157 1911
1696442537348 0.14125965535640717 1912
1696442537405 0.25105252861976624 1913
1696442537463 0.5361605882644653 1914
1696442537522 0.3432217538356781 1915
1696442537579 0.32604026794433594 1916
1696442537636 0.11854076385498047 1917
1696442537693 0.2831725478172302 1918
1696442537749 0.5123506784439087 1919
1696442537806 0.16214704513549805 1920
1696442537862 0.5083353519439697 1921
1696442537919 0.49344679713249207 1922
1696442537975 0.23024974763393402 1923
1696442538032 0.14432817697525024 1924
1696442538090 0.18004034459590912 1925
1696442538148 0.51252281665802 1926
1696442538206 0.3511256277561188 1927
1696442538264 0.20834514498710632 1928
1696442538321 0.47574111819267273 1929
1696442538378 0.26516371965408325 1930
1696442538431 0.11972504109144211 1931
1696442538483 0.2527088522911072 1932
1696442543699 0.12129434198141098 1933
1696442543756 0.19806602597236633 1934
1696442543812 0.5283749103546143 1935
1696442543869 0.1858133226633072 1936
1696442543927 0.2536275386810303 1937
1696442543983 0.5227943062782288 1938
1696442544039 0.06473922729492188 1939
1696442544096 0.31966668367385864 1940
1696442544152 0.5081263780593872 1941
1696442544209 0.2003908008337021 1942
1696442544266 0.5132462382316589 1943
1696442544322 0.5162186026573181 1944
1696442544378 0.5086393356323242 1945
1696442544435 0.2625899910926819 1946
1696442544491 0.5066236853599548 1947
1696442544549 0.5071882605552673 1948
1696442544607 0.5090575814247131 1949
1696442544665 0.14389541745185852 1950
1696442544724 0.5109623074531555 1951
1696442544782 0.09732268750667572 1952
1696442544839 0.5169504880905151 1953
1696442544891 0.39476457238197327 1954
1696442544943 0.5078977346420288 1955
1696442550031 0.5168992280960083 1956
1696442550089 0.23187881708145142 1957
1696442550148 0.5379973649978638 1958
1696442550206 0.5059166550636292 1959
1696442550264 0.17062747478485107 1960
1696442550323 0.1263655424118042 1961
1696442550380 0.06951379030942917 1962
1696442550438 0.5065634846687317 1963
1696442550496 0.47735917568206787 1964
1696442550554 0.5257058143615723 1965
1696442550612 0.11668521165847778 1966
1696442550670 0.2025085687637329 1967
1696442550728 0.059842534363269806 1968
1696442550786 0.5274513363838196 1969
1696442550844 0.507443904876709 1970
1696442550900 0.5043655633926392 1971
1696442550958 0.3730059862136841 1972
1696442551017 0.6213148236274719 1973
1696442551074 0.5047791600227356 1974
1696442551132 0.5109859108924866 1975
1696442551190 0.1598740518093109 1976
1696442551243 0.5051991939544678 1977
1696442551297 0.29693490266799927 1978
1696442556453 0.5090300440788269 1979
1696442556510 0.5043056607246399 1980
1696442556568 0.5079742074012756 1981
1696442556626 0.508432924747467 1982
1696442556683 0.5057878494262695 1983
1696442556740 0.5049011707305908 1984
1696442556796 0.4097955524921417 1985
1696442556856 0.3050876259803772 1986
1696442556912 0.7108595371246338 1987
1696442556969 0.5060081481933594 1988
1696442557027 0.23831768333911896 1989
1696442557086 0.494438111782074 1990
1696442557145 0.39981934428215027 1991
1696442557202 0.2636715769767761 1992
1696442557260 0.4207502007484436 1993
1696442557318 0.5060414671897888 1994
1696442557375 0.503912627696991 1995
1696442557432 0.212619811296463 1996
1696442557489 0.1727980673313141 1997
1696442557547 0.5051838159561157 1998
1696442557604 0.5101032257080078 1999
1696442557656 0.5118951201438904 2000
1696442557709 0.24613076448440552 2001
1696442562816 0.3979884088039398 2002
1696442562874 0.7644867897033691 2003
1696442562930 0.5119668245315552 2004
1696442562986 0.5093898773193359 2005
1696442563043 0.5225797891616821 2006
1696442563101 0.3259478211402893 2007
1696442563158 0.508061945438385 2008
1696442563215 0.504610538482666 2009
1696442563272 0.6184795498847961 2010
1696442563330 0.22819001972675323 2011
1696442563387 0.25496888160705566 2012
1696442563450 0.5071654319763184 2013
1696442563507 0.5102269649505615 2014
1696442563565 0.6105644702911377 2015
1696442563623 0.41840991377830505 2016
1696442563681 0.3606875240802765 2017
1696442563738 0.12348401546478271 2018
1696442563795 0.32406511902809143 2019
1696442563851 0.5143158435821533 2020
1696442563907 0.23481477797031403 2021
1696442563964 0.6012634634971619 2022
1696442564018 0.14363431930541992 2023
1696442564069 0.6150553226470947 2024
1696442569157 0.5401082634925842 2025
1696442569215 0.3364304304122925 2026
1696442569271 0.5357931852340698 2027
1696442569327 0.09269548207521439 2028
1696442569384 0.32856059074401855 2029
1696442569440 0.5528680682182312 2030
1696442569497 0.1604531705379486 2031
1696442569554 0.5870546698570251 2032
1696442569611 0.09590020030736923 2033
1696442569667 0.46487361192703247 2034
1696442569723 0.5249626040458679 2035
1696442569781 0.47553354501724243 2036
1696442569838 0.10907448083162308 2037
1696442569894 0.7779602408409119 2038
1696442569950 0.5062013864517212 2039
1696442570006 0.5060256123542786 2040
1696442570062 0.519531786441803 2041
1696442570120 0.2960638999938965 2042
1696442570177 0.3531167209148407 2043
1696442570234 0.5440583229064941 2044
1696442570290 0.5047159790992737 2045
1696442570344 0.3048127591609955 2046
1696442570397 0.11819335073232651 2047
1696442575475 0.6423611044883728 2048
1696442575532 0.2983859181404114 2049
1696442575588 0.5050392746925354 2050
1696442575645 0.5293348431587219 2051
1696442575702 0.5204498767852783 2052
1696442575759 0.5146916508674622 2053
1696442575817 0.14728471636772156 2054
1696442575873 0.5062689185142517 2055
1696442575929 0.446893572807312 2056
1696442575986 0.5084156394004822 2057
1696442576043 0.4567418694496155 2058
1696442576100 1.0332516431808472 2059
1696442576157 0.5112382173538208 2060
1696442576213 0.5214170217514038 2061
1696442576269 0.515761137008667 2062
1696442576326 0.5073146224021912 2063
1696442576384 0.31587347388267517 2064
1696442576440 0.547568142414093 2065
1696442576497 0.5064128041267395 2066
1696442576555 0.1294846534729004 2067
1696442576612 0.2242351621389389 2068
1696442576664 0.3359452188014984 2069
1696442576716 0.08426368236541748 2070
1696442581786 0.5058386921882629 2071
1696442581843 0.05352514237165451 2072
1696442581900 0.12927386164665222 2073
1696442581958 0.3946837782859802 2074
1696442582015 0.31577813625335693 2075
1696442582072 0.23128435015678406 2076
1696442582129 0.12370182573795319 2077
1696442582188 0.18312036991119385 2078
1696442582245 0.19744235277175903 2079
1696442582303 0.24540112912654877 2080
1696442582360 0.25736865401268005 2081
1696442582419 0.316326379776001 2082
1696442582476 0.5096935629844666 2083
1696442582535 0.508881151676178 2084
1696442582593 0.5047777891159058 2085
1696442582650 0.527779757976532 2086
1696442582707 0.5072184801101685 2087
1696442582764 0.16848374903202057 2088
1696442582821 0.45598042011260986 2089
1696442582878 0.3795609772205353 2090
1696442582940 0.12320727109909058 2091
1696442582993 0.13374634087085724 2092
1696442583045 0.5194412469863892 2093
1696442588111 0.14832031726837158 2094
1696442588168 0.13257601857185364 2095
1696442588225 0.5061819553375244 2096
1696442588281 0.504987895488739 2097
1696442588337 0.5711458325386047 2098
1696442588394 0.5232056975364685 2099
1696442588451 0.5059016346931458 2100
1696442588508 0.1410790979862213 2101
1696442588565 0.5157549381256104 2102
1696442588622 0.5104326009750366 2103
1696442588679 0.507111132144928 2104
1696442588738 0.5067070126533508 2105
1696442588795 0.5100316405296326 2106
1696442588854 0.07735249400138855 2107
1696442588916 0.22561493515968323 2108
1696442588973 0.1412932425737381 2109
1696442589030 0.37558138370513916 2110
1696442589087 0.5124392509460449 2111
1696442589143 0.50775146484375 2112
1696442589199 0.529151439666748 2113
1696442589256 0.504941999912262 2114
1696442589309 0.5276532173156738 2115
1696442589360 0.5077096223831177 2116
1696442594491 0.24071049690246582 2117
1696442594549 0.4597812592983246 2118
1696442594606 0.2517269253730774 2119
1696442594664 0.5040410757064819 2120
1696442594720 0.505048394203186 2121
1696442594777 0.5056339502334595 2122
1696442594835 0.2336021363735199 2123
1696442594893 0.522767961025238 2124
1696442594950 0.5046383738517761 2125
1696442595007 0.48382988572120667 2126
1696442595064 0.5049271583557129 2127
1696442595120 0.5055439472198486 2128
1696442595177 0.5050587058067322 2129
1696442595234 0.36475831270217896 2130
1696442595291 0.14565059542655945 2131
1696442595348 0.5071746706962585 2132
1696442595404 0.5675064921379089 2133
1696442595461 0.5036426186561584 2134
1696442595518 0.22043964266777039 2135
1696442595576 0.5057305693626404 2136
1696442595634 0.3787122368812561 2137
1696442595687 0.42556434869766235 2138
1696442595739 0.5175226926803589 2139
1696442600802 0.4033479690551758 2140
1696442600861 0.5074508190155029 2141
1696442600917 0.505519449710846 2142
1696442600973 0.5052496194839478 2143
1696442601031 0.5073652863502502 2144
1696442601089 0.16074997186660767 2145
1696442601146 0.3148023188114166 2146
1696442601203 0.5112165212631226 2147
1696442601260 0.14283254742622375 2148
1696442601317 0.19856275618076324 2149
1696442601376 0.5044527053833008 2150
1696442601433 0.5196634531021118 2151
1696442601491 0.31918779015541077 2152
1696442601550 0.17594611644744873 2153
1696442601609 0.2796652615070343 2154
1696442601668 0.12149223685264587 2155
1696442601727 0.33595114946365356 2156
1696442601785 0.26970404386520386 2157
1696442601842 0.07915738970041275 2158
1696442601900 0.06567128002643585 2159
1696442601957 0.5074391961097717 2160
1696442602010 0.22206205129623413 2161
1696442602062 0.5072425007820129 2162
1696442607263 0.16720548272132874 2163
1696442607321 0.1390661597251892 2164
1696442607378 0.5261890888214111 2165
1696442607435 0.10976381599903107 2166
1696442607492 0.5076126456260681 2167
1696442607550 0.5049636960029602 2168
1696442607608 0.5697739124298096 2169
1696442607666 0.057838596403598785 2170
1696442607723 0.508790135383606 2171
1696442607779 0.19109994173049927 2172
1696442607835 0.504314661026001 2173
1696442607891 0.26430800557136536 2174
1696442607948 0.1953125298023224 2175
1696442608005 0.2060302197933197 2176
1696442608062 0.21900977194309235 2177
1696442608119 0.2416219860315323 2178
1696442608175 0.5097371935844421 2179
1696442608231 0.08299226313829422 2180
1696442608288 0.50534588098526 2181
1696442608345 0.5078335404396057 2182
1696442608403 0.244718536734581 2183
1696442608455 0.416572242975235 2184
1696442608507 0.31503328680992126 2185
1696442613585 0.12472938001155853 2186
1696442613644 0.4256356358528137 2187
1696442613703 0.5189805030822754 2188
1696442613761 0.5163721442222595 2189
1696442613819 0.5107083916664124 2190
1696442613876 0.5171851515769958 2191
1696442613932 0.5085981488227844 2192
1696442613989 0.5101540088653564 2193
1696442614047 0.20240259170532227 2194
1696442614104 0.5083187222480774 2195
1696442614161 0.5188949704170227 2196
1696442614218 0.14651265740394592 2197
1696442614276 0.5072968006134033 2198
1696442614332 0.5111376047134399 2199
1696442614388 0.5100836157798767 2200
1696442614447 0.15463769435882568 2201
1696442614505 0.5085355639457703 2202
1696442614562 0.19772844016551971 2203
1696442614619 0.5079243183135986 2204
1696442614677 0.14657634496688843 2205
1696442614734 0.23713290691375732 2206
1696442614789 0.5062319040298462 2207
1696442614844 0.46025559306144714 2208
1696442619923 0.48049041628837585 2209
1696442619984 0.5060504078865051 2210
1696442620040 0.5057156085968018 2211
1696442620096 0.08558197319507599 2212
1696442620153 0.5054734349250793 2213
1696442620209 0.14824217557907104 2214
1696442620266 0.09396858513355255 2215
1696442620323 0.5058549046516418 2216
1696442620379 0.5245301723480225 2217
1696442620435 0.5052032470703125 2218
1696442620492 0.19714432954788208 2219
1696442620549 0.5161682367324829 2220
1696442620606 0.5048893690109253 2221
1696442620665 0.504604160785675 2222
1696442620722 0.5079999566078186 2223
1696442620778 0.5168912410736084 2224
1696442620838 0.3215438723564148 2225
1696442620896 0.3335034251213074 2226
1696442620952 0.5053869485855103 2227
1696442621009 0.5095393657684326 2228
1696442621066 0.07886593043804169 2229
1696442621119 0.5047363638877869 2230
1696442621171 0.2564346492290497 2231
1696442626276 0.5040102601051331 2232
1696442626331 3.402932643890381 2233
1696442626387 0.24794670939445496 2234
1696442626444 0.16977693140506744 2235
1696442626501 0.5204674005508423 2236
1696442626558 0.5054720640182495 2237
1696442626615 0.5052558779716492 2238
1696442626672 0.5097780823707581 2239
1696442626728 0.5050780177116394 2240
1696442626785 0.5042316317558289 2241
1696442626841 0.5076618194580078 2242
1696442626898 0.08641436696052551 2243
1696442626955 0.27181512117385864 2244
1696442627011 0.5051225423812866 2245
1696442627068 0.0708782821893692 2246
1696442627124 0.5051127672195435 2247
1696442627182 0.5068924427032471 2248
1696442627239 0.5042992234230042 2249
1696442627296 0.18789978325366974 2250
1696442627352 0.5083445906639099 2251
1696442627413 0.5074823498725891 2252
1696442627467 0.13740365207195282 2253
1696442627520 0.4316618740558624 2254
1696442632594 0.5053367614746094 2255
1696442632652 0.2083732932806015 2256
1696442632711 0.2345809042453766 2257
1696442632768 0.18380692601203918 2258
1696442632824 0.5045253038406372 2259
1696442632881 0.5038586854934692 2260
1696442632939 1.0184019804000854 2261
1696442632997 0.25988465547561646 2262
1696442633055 0.1242680698633194 2263
1696442633113 0.10101279616355896 2264
1696442633170 0.26636362075805664 2265
1696442633227 1.071472406387329 2266
1696442633283 0.5042380690574646 2267
1696442633341 0.2716185450553894 2268
1696442633398 0.5072901844978333 2269
1696442633455 0.06261740624904633 2270
1696442633512 0.1049313098192215 2271
1696442633569 0.18844082951545715 2272
1696442633626 0.08314003795385361 2273
1696442633683 0.503757119178772 2274
1696442633740 0.5038741827011108 2275
1696442633793 0.3383936583995819 2276
1696442633844 0.5044952630996704 2277
1696442638853 0.5235331058502197 2278
1696442638910 0.31488722562789917 2279
1696442638966 0.5333130955696106 2280
1696442639027 0.4225923418998718 2281
1696442639084 0.37282663583755493 2282
1696442639141 0.1611953228712082 2283
1696442639199 0.5060018301010132 2284
1696442639258 0.5231499075889587 2285
1696442639315 0.1046437919139862 2286
1696442639372 0.1335403174161911 2287
1696442639430 0.36527472734451294 2288
1696442639486 0.5067811608314514 2289
1696442639544 0.22885270416736603 2290
1696442639601 0.5079346299171448 2291
1696442639658 0.8140192031860352 2292
1696442639716 0.8852413892745972 2293
1696442639773 0.5588248372077942 2294
1696442639830 0.5090907216072083 2295
1696442639887 0.5083467960357666 2296
1696442639943 0.09132228791713715 2297
1696442640000 0.12252132594585419 2298
1696442640054 0.10790106654167175 2299
1696442640107 0.5529427528381348 2300
