1696442012494 0.0001 1
1696442012556 0.0001 2
1696442012610 0.0001 3
1696442012667 0.0001 4
1696442012723 0.0001 5
1696442012780 0.0001 6
1696442012838 0.0001 7
1696442012893 0.0001 8
1696442012949 0.0001 9
1696442013005 0.0001 10
1696442013061 0.0001 11
1696442013118 0.0001 12
1696442013175 0.0001 13
1696442013231 0.0001 14
1696442013288 0.0001 15
1696442013344 0.0001 16
1696442013401 0.0001 17
1696442013458 0.0001 18
1696442013514 0.0001 19
1696442013573 0.0001 20
1696442013630 0.0001 21
1696442013682 0.0001 22
1696442013737 0.0001 23
1696442018765 0.0001 24
1696442018823 0.0001 25
1696442018881 0.0001 26
1696442018937 0.0001 27
1696442018993 0.0001 28
1696442019049 0.0001 29
1696442019106 0.0001 30
1696442019161 0.0001 31
1696442019217 0.0001 32
1696442019273 0.0001 33
1696442019330 0.0001 34
1696442019386 0.0001 35
1696442019442 0.0001 36
1696442019500 0.0001 37
1696442019558 0.0001 38
1696442019616 0.0001 39
1696442019673 0.0001 40
1696442019730 0.0001 41
1696442019786 0.0001 42
1696442019843 0.0001 43
1696442019899 0.0001 44
1696442019952 0.0001 45
1696442020003 0.0001 46
1696442025059 0.0001 47
1696442025116 0.0001 48
1696442025172 0.0001 49
1696442025228 0.0001 50
1696442025284 0.0001 51
1696442025340 0.0001 52
1696442025396 0.0001 53
1696442025453 0.0001 54
1696442025510 0.0001 55
1696442025566 0.0001 56
1696442025623 0.0001 57
1696442025681 0.0001 58
1696442025737 0.0001 59
1696442025793 0.0001 60
1696442025847 0.0001 61
1696442025904 0.0001 62
1696442025960 0.0001 63
1696442026017 0.0001 64
1696442026073 0.0001 65
1696442026130 0.0001 66
1696442026186 0.0001 67
1696442026239 0.0001 68
1696442026290 0.0001 69
1696442031238 0.0001 70
1696442031295 0.0001 71
1696442031351 0.0001 72
1696442031408 0.0001 73
1696442031465 0.0001 74
1696442031524 0.0001 75
1696442031581 0.0001 76
1696442031638 0.0001 77
1696442031695 0.0001 78
1696442031752 0.0001 79
1696442031809 0.0001 80
1696442031865 0.0001 81
1696442031921 0.0001 82
1696442031977 0.0001 83
1696442032042 0.0001 84
1696442032098 0.0001 85
1696442032155 0.0001 86
1696442032211 0.0001 87
1696442032267 0.0001 88
1696442032323 0.0001 89
1696442032379 0.0001 90
1696442032431 0.0001 91
1696442032483 0.0001 92
1696442037424 0.0001 93
1696442037480 0.0001 94
1696442037537 0.0001 95
1696442037593 0.0001 96
1696442037650 0.0001 97
1696442037706 0.0001 98
1696442037762 0.0001 99
1696442037819 0.0001 100
1696442037876 0.0001 101
1696442037933 0.0001 102
1696442037989 0.0001 103
1696442038045 0.0001 104
1696442038101 0.0001 105
1696442038157 0.0001 106
1696442038214 0.0001 107
1696442038271 0.0001 108
1696442038326 0.0001 109
1696442038382 0.0001 110
1696442038438 0.0001 111
1696442038495 0.0001 112
1696442038552 0.0001 113
1696442038604 0.0001 114
1696442038655 0.0001 115
1696442043667 0.0001 116
1696442043723 0.0001 117
1696442043780 0.0001 118
1696442043837 0.0001 119
1696442043894 0.0001 120
1696442043951 0.0001 121
1696442044008 0.0001 122
1696442044068 0.0001 123
1696442044127 0.0001 124
1696442044185 0.0001 125
1696442044243 0.0001 126
1696442044302 0.0001 127
1696442044359 0.0001 128
1696442044415 0.0001 129
1696442044472 0.0001 130
1696442044528 0.0001 131
1696442044585 0.0001 132
1696442044641 0.0001 133
1696442044698 0.0001 134
1696442044754 0.0001 135
1696442044812 0.0001 136
1696442044865 0.0001 137
1696442044918 0.0001 138
1696442050104 0.0001 139
1696442050160 0.0001 140
1696442050216 0.0001 141
1696442050272 0.0001 142
1696442050329 0.0001 143
1696442050386 0.0001 144
1696442050443 0.0001 145
1696442050501 0.0001 146
1696442050557 0.0001 147
1696442050614 0.0001 148
1696442050671 0.0001 149
1696442050730 0.0001 150
1696442050787 0.0001 151
1696442050843 0.0001 152
1696442050899 0.0001 153
1696442050955 0.0001 154
1696442051011 0.0001 155
1696442051068 0.0001 156
1696442051126 0.0001 157
1696442051182 0.0001 158
1696442051239 0.0001 159
1696442051290 0.0001 160
1696442051341 0.0001 161
1696442056349 0.0001 162
1696442056406 0.0001 163
1696442056462 0.0001 164
1696442056518 0.0001 165
1696442056575 0.0001 166
1696442056634 0.0001 167
1696442056690 0.0001 168
1696442056747 0.0001 169
1696442056805 0.0001 170
1696442056861 0.0001 171
1696442056917 0.0001 172
1696442056974 0.0001 173
1696442057029 0.0001 174
1696442057086 0.0001 175
1696442057142 0.0001 176
1696442057198 0.0001 177
1696442057256 0.0001 178
1696442057313 0.0001 179
1696442057370 0.0001 180
1696442057427 0.0001 181
1696442057485 0.0001 182
1696442057536 0.0001 183
1696442057591 0.0001 184
1696442062590 0.0001 185
1696442062649 0.0001 186
1696442062708 0.0001 187
1696442062765 0.0001 188
1696442062821 0.0001 189
1696442062877 0.0001 190
1696442062933 0.0001 191
1696442062989 0.0001 192
1696442063046 0.0001 193
1696442063103 0.0001 194
1696442063159 0.0001 195
1696442063216 0.0001 196
1696442063272 0.0001 197
1696442063327 0.0001 198
1696442063384 0.0001 199
1696442063441 0.0001 200
1696442063499 0.0001 201
1696442063556 0.0001 202
1696442063613 0.0001 203
1696442063669 0.0001 204
1696442063726 0.0001 205
1696442063781 0.0001 206
1696442063835 0.0001 207
1696442068833 0.0001 208
1696442068892 0.0001 209
1696442068948 0.0001 210
1696442069005 0.0001 211
1696442069061 0.0001 212
1696442069118 0.0001 213
1696442069175 0.0001 214
1696442069232 0.0001 215
1696442069288 0.0001 216
1696442069344 0.0001 217
1696442069401 0.0001 218
1696442069458 0.0001 219
1696442069518 0.0001 220
1696442069576 0.0001 221
1696442069635 0.0001 222
1696442069694 0.0001 223
1696442069754 0.0001 224
1696442069813 0.0001 225
1696442069872 0.0001 226
1696442069933 0.0001 227
1696442069994 0.0001 228
1696442070046 0.0001 229
1696442070098 0.0001 230
1696442075140 0.0001 231
1696442075197 0.0001 232
1696442075253 0.0001 233
1696442075310 0.0001 234
1696442075367 0.0001 235
1696442075424 0.0001 236
1696442075482 0.0001 237
1696442075539 0.0001 238
1696442075595 0.0001 239
1696442075653 0.0001 240
1696442075709 0.0001 241
1696442075765 0.0001 242
1696442075821 0.0001 243
1696442075879 0.0001 244
1696442075935 0.0001 245
1696442075992 0.0001 246
1696442076049 0.0001 247
1696442076105 0.0001 248
1696442076162 0.0001 249
1696442076218 0.0001 250
1696442076275 0.0001 251
1696442076326 0.0001 252
1696442076378 0.0001 253
1696442081344 0.0001 254
1696442081402 0.0001 255
1696442081459 0.0001 256
1696442081517 0.0001 257
1696442081575 0.0001 258
1696442081632 0.0001 259
1696442081692 0.0001 260
1696442081750 0.0001 261
1696442081809 0.0001 262
1696442081866 0.0001 263
1696442081926 0.0001 264
1696442081983 0.0001 265
1696442082041 0.0001 266
1696442082099 0.0001 267
1696442082156 0.0001 268
1696442082220 0.0001 269
1696442082278 0.0001 270
1696442082335 0.0001 271
1696442082392 0.0001 272
1696442082449 0.0001 273
1696442082507 0.0001 274
1696442082560 0.0001 275
1696442082614 0.0001 276
1696442087656 0.0001 277
1696442087714 0.0001 278
1696442087772 0.0001 279
1696442087829 0.0001 280
1696442087885 0.0001 281
1696442087942 0.0001 282
1696442087999 0.0001 283
1696442088057 0.0001 284
1696442088114 0.0001 285
1696442088170 0.0001 286
1696442088227 0.0001 287
1696442088291 0.0001 288
1696442088358 0.0001 289
1696442088426 0.0001 290
1696442088483 0.0001 291
1696442088540 0.0001 292
1696442088597 0.0001 293
1696442088655 0.0001 294
1696442088713 0.0001 295
1696442088769 0.0001 296
1696442088825 0.0001 297
1696442088877 0.0001 298
1696442088929 0.0001 299
1696442093946 0.0001 300
1696442094003 0.0001 301
1696442094059 0.0001 302
1696442094116 0.0001 303
1696442094173 0.0001 304
1696442094229 0.0001 305
1696442094285 0.0001 306
1696442094341 0.0001 307
1696442094397 0.0001 308
1696442094465 0.0001 309
1696442094524 0.0001 310
1696442094582 0.0001 311
1696442094639 0.0001 312
1696442094697 0.0001 313
1696442094755 0.0001 314
1696442094814 0.0001 315
1696442094873 0.0001 316
1696442094929 0.0001 317
1696442094985 0.0001 318
1696442095041 0.0001 319
1696442095097 0.0001 320
1696442095150 0.0001 321
1696442095201 0.0001 322
1696442100231 0.0001 323
1696442100289 0.0001 324
1696442100345 0.0001 325
1696442100402 0.0001 326
1696442100458 0.0001 327
1696442100516 0.0001 328
1696442100574 0.0001 329
1696442100642 0.0001 330
1696442100701 0.0001 331
1696442100759 0.0001 332
1696442100818 0.0001 333
1696442100876 0.0001 334
1696442100935 0.0001 335
1696442100993 0.0001 336
1696442101050 0.0001 337
1696442101108 0.0001 338
1696442101165 0.0001 339
1696442101222 0.0001 340
1696442101279 0.0001 341
1696442101335 0.0001 342
1696442101393 0.0001 343
1696442101447 0.0001 344
1696442101500 0.0001 345
1696442106512 0.0001 346
1696442106568 0.0001 347
1696442106626 0.0001 348
1696442106684 0.0001 349
1696442106747 0.0001 350
1696442106803 0.0001 351
1696442106860 0.0001 352
1696442106916 0.0001 353
1696442106973 0.0001 354
1696442107030 0.0001 355
1696442107088 0.0001 356
1696442107145 0.0001 357
1696442107202 0.0001 358
1696442107258 0.0001 359
1696442107314 0.0001 360
1696442107372 0.0001 361
1696442107429 0.0001 362
1696442107485 0.0001 363
1696442107542 0.0001 364
1696442107599 0.0001 365
1696442107655 0.0001 366
1696442107708 0.0001 367
1696442107759 0.0001 368
1696442112790 0.0001 369
1696442112847 0.0001 370
1696442112903 0.0001 371
1696442112960 0.0001 372
1696442113016 0.0001 373
1696442113073 0.0001 374
1696442113130 0.0001 375
1696442113192 0.0001 376
1696442113249 0.0001 377
1696442113307 0.0001 378
1696442113364 0.0001 379
1696442113423 0.0001 380
1696442113481 0.0001 381
1696442113538 0.0001 382
1696442113595 0.0001 383
1696442113653 0.0001 384
1696442113710 0.0001 385
1696442113769 0.0001 386
1696442113826 0.0001 387
1696442113884 0.0001 388
1696442113940 0.0001 389
1696442113991 0.0001 390
1696442114042 0.0001 391
1696442119043 0.0001 392
1696442119100 0.0001 393
1696442119157 0.0001 394
1696442119214 0.0001 395
1696442119271 0.0001 396
1696442119330 0.0001 397
1696442119388 0.0001 398
1696442119446 0.0001 399
1696442119503 0.0001 400
1696442119561 0.0001 401
1696442119618 0.0001 402
1696442119677 0.0001 403
1696442119734 0.0001 404
1696442119791 0.0001 405
1696442119849 0.0001 406
1696442119906 0.0001 407
1696442119965 0.0001 408
1696442120021 0.0001 409
1696442120079 0.0001 410
1696442120136 0.0001 411
1696442120192 0.0001 412
1696442120245 0.0001 413
1696442120299 0.0001 414
1696442125437 0.0001 415
1696442125494 0.0001 416
1696442125551 0.0001 417
1696442125607 0.0001 418
1696442125664 0.0001 419
1696442125721 0.0001 420
1696442125776 0.0001 421
1696442125832 0.0001 422
1696442125890 0.0001 423
1696442125946 0.0001 424
1696442126003 0.0001 425
1696442126060 0.0001 426
1696442126117 0.0001 427
1696442126173 0.0001 428
1696442126233 0.0001 429
1696442126290 0.0001 430
1696442126347 0.0001 431
1696442126405 0.0001 432
1696442126463 0.0001 433
1696442126521 0.0001 434
1696442126579 0.0001 435
1696442126631 0.0001 436
1696442126683 0.0001 437
1696442131690 0.0001 438
1696442131749 0.0001 439
1696442131806 0.0001 440
1696442131863 0.0001 441
1696442131921 0.0001 442
1696442131978 0.0001 443
1696442132035 0.0001 444
1696442132092 0.0001 445
1696442132149 0.0001 446
1696442132206 0.0001 447
1696442132264 0.0001 448
1696442132322 0.0001 449
1696442132381 0.0001 450
1696442132439 0.0001 451
1696442132496 0.0001 452
1696442132553 0.0001 453
1696442132610 0.0001 454
1696442132668 0.0001 455
1696442132726 0.0001 456
1696442132784 0.0001 457
1696442132842 0.0001 458
1696442132894 0.0001 459
1696442132945 0.0001 460
1696442138003 0.0001 461
1696442138060 0.0001 462
1696442138117 0.0001 463
1696442138173 0.0001 464
1696442138230 0.0001 465
1696442138287 0.0001 466
1696442138343 0.0001 467
1696442138400 0.0001 468
1696442138458 0.0001 469
1696442138515 0.0001 470
1696442138571 0.0001 471
1696442138628 0.0001 472
1696442138685 0.0001 473
1696442138742 0.0001 474
1696442138799 0.0001 475
1696442138856 0.0001 476
1696442138913 0.0001 477
1696442138971 0.0001 478
1696442139028 0.0001 479
1696442139085 0.0001 480
1696442139142 0.0001 481
1696442139195 0.0001 482
1696442139247 0.0001 483
1696442144184 0.0001 484
1696442144242 0.0001 485
1696442144300 0.0001 486
1696442144358 0.0001 487
1696442144415 0.0001 488
1696442144472 0.0001 489
1696442144529 0.0001 490
1696442144587 0.0001 491
1696442144644 0.0001 492
1696442144703 0.0001 493
1696442144762 0.0001 494
1696442144820 0.0001 495
1696442144877 0.0001 496
1696442144934 0.0001 497
1696442144990 0.0001 498
1696442145047 0.0001 499
1696442145105 0.0001 500
1696442145162 0.0001 501
1696442145220 0.0001 502
1696442145277 0.0001 503
1696442145333 0.0001 504
1696442145385 0.0001 505
1696442145436 0.0001 506
1696442150459 0.0001 507
1696442150517 0.0001 508
1696442150575 0.0001 509
1696442150632 0.0001 510
1696442150688 0.0001 511
1696442150747 0.0001 512
1696442150804 0.0001 513
1696442150861 0.0001 514
1696442150921 0.0001 515
1696442150980 0.0001 516
1696442151039 0.0001 517
1696442151097 0.0001 518
1696442151155 0.0001 519
1696442151211 0.0001 520
1696442151268 0.0001 521
1696442151325 0.0001 522
1696442151381 0.0001 523
1696442151438 0.0001 524
1696442151495 0.0001 525
1696442151552 0.0001 526
1696442151609 0.0001 527
1696442151660 0.0001 528
1696442151712 0.0001 529
1696442156731 0.0001 530
1696442156788 0.0001 531
1696442156845 0.0001 532
1696442156901 0.0001 533
1696442156960 0.0001 534
1696442157017 0.0001 535
1696442157075 0.0001 536
1696442157133 0.0001 537
1696442157190 0.0001 538
1696442157252 0.0001 539
1696442157309 0.0001 540
1696442157366 0.0001 541
1696442157422 0.0001 542
1696442157479 0.0001 543
1696442157538 0.0001 544
1696442157596 0.0001 545
1696442157653 0.0001 546
1696442157709 0.0001 547
1696442157766 0.0001 548
1696442157823 0.0001 549
1696442157880 0.0001 550
1696442157932 0.0001 551
1696442157985 0.0001 552
1696442162996 0.0001 553
1696442163054 0.0001 554
1696442163128 0.0001 555
1696442163185 0.0001 556
1696442163243 0.0001 557
1696442163300 0.0001 558
1696442163357 0.0001 559
1696442163415 0.0001 560
1696442163471 0.0001 561
1696442163528 0.0001 562
1696442163584 0.0001 563
1696442163640 0.0001 564
1696442163698 0.0001 565
1696442163756 0.0001 566
1696442163813 0.0001 567
1696442163870 0.0001 568
1696442163927 0.0001 569
1696442163982 0.0001 570
1696442164039 0.0001 571
1696442164095 0.0001 572
1696442164152 0.0001 573
1696442164204 0.0001 574
1696442164256 0.0001 575
1696442169358 0.0001 576
1696442169414 0.0001 577
1696442169473 0.0001 578
1696442169531 0.0001 579
1696442169588 0.0001 580
1696442169644 0.0001 581
1696442169701 0.0001 582
1696442169757 0.0001 583
1696442169813 0.0001 584
1696442169870 0.0001 585
1696442169927 0.0001 586
1696442169984 0.0001 587
1696442170040 0.0001 588
1696442170097 0.0001 589
1696442170154 0.0001 590
1696442170212 0.0001 591
1696442170272 0.0001 592
1696442170328 0.0001 593
1696442170386 0.0001 594
1696442170445 0.0001 595
1696442170504 0.0001 596
1696442170556 0.0001 597
1696442170609 0.0001 598
1696442175632 0.0001 599
1696442175690 0.0001 600
1696442175746 0.0001 601
1696442175803 0.0001 602
1696442175862 0.0001 603
1696442175919 0.0001 604
1696442175975 0.0001 605
1696442176032 0.0001 606
1696442176090 0.0001 607
1696442176147 0.0001 608
1696442176205 0.0001 609
1696442176263 0.0001 610
1696442176320 0.0001 611
1696442176380 0.0001 612
1696442176436 0.0001 613
1696442176493 0.0001 614
1696442176550 0.0001 615
1696442176607 0.0001 616
1696442176664 0.0001 617
1696442176721 0.0001 618
1696442176777 0.0001 619
1696442176830 0.0001 620
1696442176883 0.0001 621
1696442181924 0.0001 622
1696442181982 0.0001 623
1696442182039 0.0001 624
1696442182096 0.0001 625
1696442182152 0.0001 626
1696442182209 0.0001 627
1696442182266 0.0001 628
1696442182324 0.0001 629
1696442182382 0.0001 630
1696442182438 0.0001 631
1696442182496 0.0001 632
1696442182563 0.0001 633
1696442182619 0.0001 634
1696442182678 0.0001 635
1696442182734 0.0001 636
1696442182792 0.0001 637
1696442182849 0.0001 638
1696442182906 0.0001 639
1696442182963 0.0001 640
1696442183020 0.0001 641
1696442183076 0.0001 642
1696442183128 0.0001 643
1696442183180 0.0001 644
1696442188148 0.0001 645
1696442188205 0.0001 646
1696442188263 0.0001 647
1696442188321 0.0001 648
1696442188378 0.0001 649
1696442188436 0.0001 650
1696442188493 0.0001 651
1696442188550 0.0001 652
1696442188607 0.0001 653
1696442188673 0.0001 654
1696442188730 0.0001 655
1696442188787 0.0001 656
1696442188845 0.0001 657
1696442188901 0.0001 658
1696442188958 0.0001 659
1696442189015 0.0001 660
1696442189072 0.0001 661
1696442189129 0.0001 662
1696442189186 0.0001 663
1696442189243 0.0001 664
1696442189300 0.0001 665
1696442189352 0.0001 666
1696442189405 0.0001 667
1696442194424 0.0001 668
1696442194482 0.0001 669
1696442194540 0.0001 670
1696442194597 0.0001 671
1696442194654 0.0001 672
1696442194713 0.0001 673
1696442194770 0.0001 674
1696442194826 0.0001 675
1696442194884 0.0001 676
1696442194942 0.0001 677
1696442194999 0.0001 678
1696442195056 0.0001 679
1696442195112 0.0001 680
1696442195169 0.0001 681
1696442195226 0.0001 682
1696442195283 0.0001 683
1696442195340 0.0001 684
1696442195397 0.0001 685
1696442195454 0.0001 686
1696442195513 0.0001 687
1696442195569 0.0001 688
1696442195621 0.0001 689
1696442195674 0.0001 690
1696442200833 0.0001 691
1696442200891 0.0001 692
1696442200950 0.0001 693
1696442201007 0.0001 694
1696442201064 0.0001 695
1696442201125 0.0001 696
1696442201183 0.0001 697
1696442201240 0.0001 698
1696442201297 0.0001 699
1696442201354 0.0001 700
1696442201411 0.0001 701
1696442201470 0.0001 702
1696442201529 0.0001 703
1696442201585 0.0001 704
1696442201642 0.0001 705
1696442201700 0.0001 706
1696442201758 0.0001 707
1696442201816 0.0001 708
1696442201874 0.0001 709
1696442201931 0.0001 710
1696442201988 0.0001 711
1696442202041 0.0001 712
1696442202094 0.0001 713
1696442207153 0.0001 714
1696442207209 0.0001 715
1696442207266 0.0001 716
1696442207321 0.0001 717
1696442207378 0.0001 718
1696442207435 0.0001 719
1696442207492 0.0001 720
1696442207548 0.0001 721
1696442207605 0.0001 722
1696442207661 0.0001 723
1696442207720 0.0001 724
1696442207778 0.0001 725
1696442207835 0.0001 726
1696442207891 0.0001 727
1696442207947 0.0001 728
1696442208003 0.0001 729
1696442208060 0.0001 730
1696442208118 0.0001 731
1696442208175 0.0001 732
1696442208231 0.0001 733
1696442208289 0.0001 734
1696442208342 0.0001 735
1696442208398 0.0001 736
1696442213368 0.0001 737
1696442213425 0.0001 738
1696442213482 0.0001 739
1696442213539 0.0001 740
1696442213596 0.0001 741
1696442213653 0.0001 742
1696442213709 0.0001 743
1696442213766 0.0001 744
1696442213822 0.0001 745
1696442213879 0.0001 746
1696442213935 0.0001 747
1696442213992 0.0001 748
1696442214048 0.0001 749
1696442214104 0.0001 750
1696442214160 0.0001 751
1696442214218 0.0001 752
1696442214274 0.0001 753
1696442214332 0.0001 754
1696442214389 0.0001 755
1696442214446 0.0001 756
1696442214502 0.0001 757
1696442214554 0.0001 758
1696442214606 0.0001 759
1696442219717 0.0001 760
1696442219776 0.0001 761
1696442219833 0.0001 762
1696442219890 0.0001 763
1696442219946 0.0001 764
1696442220003 0.0001 765
1696442220062 0.0001 766
1696442220121 0.0001 767
1696442220177 0.0001 768
1696442220233 0.0001 769
1696442220289 0.0001 770
1696442220345 0.0001 771
1696442220402 0.0001 772
1696442220459 0.0001 773
1696442220517 0.0001 774
1696442220576 0.0001 775
1696442220634 0.0001 776
1696442220692 0.0001 777
1696442220749 0.0001 778
1696442220807 0.0001 779
1696442220864 0.0001 780
1696442220917 0.0001 781
1696442220970 0.0001 782
1696442226018 0.0001 783
1696442226075 0.0001 784
1696442226134 0.0001 785
1696442226191 0.0001 786
1696442226248 0.0001 787
1696442226304 0.0001 788
1696442226361 0.0001 789
1696442226418 0.0001 790
1696442226475 0.0001 791
1696442226532 0.0001 792
1696442226592 0.0001 793
1696442226649 0.0001 794
1696442226707 0.0001 795
1696442226763 0.0001 796
1696442226820 0.0001 797
1696442226877 0.0001 798
1696442226934 0.0001 799
1696442226992 0.0001 800
1696442227048 0.0001 801
1696442227107 0.0001 802
1696442227165 0.0001 803
1696442227217 0.0001 804
1696442227269 0.0001 805
1696442232243 0.0001 806
1696442232301 0.0001 807
1696442232360 0.0001 808
1696442232417 0.0001 809
1696442232475 0.0001 810
1696442232533 0.0001 811
1696442232592 0.0001 812
1696442232651 0.0001 813
1696442232713 0.0001 814
1696442232772 0.0001 815
1696442232829 0.0001 816
1696442232885 0.0001 817
1696442232941 0.0001 818
1696442232997 0.0001 819
1696442233054 0.0001 820
1696442233114 0.0001 821
1696442233174 0.0001 822
1696442233233 0.0001 823
1696442233292 0.0001 824
1696442233349 0.0001 825
1696442233407 0.0001 826
1696442233459 0.0001 827
1696442233513 0.0001 828
1696442238521 0.0001 829
1696442238578 0.0001 830
1696442238634 0.0001 831
1696442238691 0.0001 832
1696442238748 0.0001 833
1696442238804 0.0001 834
1696442238860 0.0001 835
1696442238918 0.0001 836
1696442238978 0.0001 837
1696442239034 0.0001 838
1696442239091 0.0001 839
1696442239148 0.0001 840
1696442239204 0.0001 841
1696442239261 0.0001 842
1696442239317 0.0001 843
1696442239373 0.0001 844
1696442239430 0.0001 845
1696442239488 0.0001 846
1696442239544 0.0001 847
1696442239601 0.0001 848
1696442239657 0.0001 849
1696442239710 0.0001 850
1696442239762 0.0001 851
1696442244781 0.0001 852
1696442244838 0.0001 853
1696442244895 0.0001 854
1696442244951 0.0001 855
1696442245008 0.0001 856
1696442245066 0.0001 857
1696442245122 0.0001 858
1696442245182 0.0001 859
1696442245239 0.0001 860
1696442245295 0.0001 861
1696442245352 0.0001 862
1696442245409 0.0001 863
1696442245466 0.0001 864
1696442245523 0.0001 865
1696442245579 0.0001 866
1696442245637 0.0001 867
1696442245694 0.0001 868
1696442245751 0.0001 869
1696442245807 0.0001 870
1696442245864 0.0001 871
1696442245921 0.0001 872
1696442245972 0.0001 873
1696442246024 0.0001 874
1696442251047 0.0001 875
1696442251105 0.0001 876
1696442251171 0.0001 877
1696442251229 0.0001 878
1696442251287 0.0001 879
1696442251344 0.0001 880
1696442251401 0.0001 881
1696442251459 0.0001 882
1696442251516 0.0001 883
1696442251574 0.0001 884
1696442251632 0.0001 885
1696442251691 0.0001 886
1696442251748 0.0001 887
1696442251805 0.0001 888
1696442251862 0.0001 889
1696442251919 0.0001 890
1696442251975 0.0001 891
1696442252031 0.0001 892
1696442252087 0.0001 893
1696442252144 0.0001 894
1696442252201 0.0001 895
1696442252253 0.0001 896
1696442252305 0.0001 897
1696442257343 0.0001 898
1696442257399 0.0001 899
1696442257456 0.0001 900
1696442257513 0.0001 901
1696442257570 0.0001 902
1696442257628 0.0001 903
1696442257684 0.0001 904
1696442257744 0.0001 905
1696442257805 0.0001 906
1696442257862 0.0001 907
1696442257918 0.0001 908
1696442257975 0.0001 909
1696442258030 0.0001 910
1696442258087 0.0001 911
1696442258143 0.0001 912
1696442258200 0.0001 913
1696442258255 0.0001 914
1696442258311 0.0001 915
1696442258368 0.0001 916
1696442258425 0.0001 917
1696442258483 0.0001 918
1696442258535 0.0001 919
1696442258587 0.0001 920
1696442263622 0.0001 921
1696442263679 0.0001 922
1696442263736 0.0001 923
1696442263793 0.0001 924
1696442263852 0.0001 925
1696442263909 0.0001 926
1696442263965 0.0001 927
1696442264024 0.0001 928
1696442264080 0.0001 929
1696442264137 0.0001 930
1696442264193 0.0001 931
1696442264249 0.0001 932
1696442264305 0.0001 933
1696442264362 0.0001 934
1696442264419 0.0001 935
1696442264483 0.0001 936
1696442264540 0.0001 937
1696442264597 0.0001 938
1696442264653 0.0001 939
1696442264710 0.0001 940
1696442264766 0.0001 941
1696442264819 0.0001 942
1696442264872 0.0001 943
1696442269867 0.0001 944
1696442269925 0.0001 945
1696442269982 0.0001 946
1696442270039 0.0001 947
1696442270095 0.0001 948
1696442270152 0.0001 949
1696442270208 0.0001 950
1696442270265 0.0001 951
1696442270322 0.0001 952
1696442270379 0.0001 953
1696442270436 0.0001 954
1696442270494 0.0001 955
1696442270550 0.0001 956
1696442270606 0.0001 957
1696442270663 0.0001 958
1696442270720 0.0001 959
1696442270779 0.0001 960
1696442270835 0.0001 961
1696442270893 0.0001 962
1696442270954 0.0001 963
1696442271011 0.0001 964
1696442271063 0.0001 965
1696442271114 0.0001 966
1696442276299 0.0001 967
1696442276357 0.0001 968
1696442276414 0.0001 969
1696442276471 0.0001 970
1696442276527 0.0001 971
1696442276584 0.0001 972
1696442276641 0.0001 973
1696442276698 0.0001 974
1696442276758 0.0001 975
1696442276815 0.0001 976
1696442276871 0.0001 977
1696442276928 0.0001 978
1696442276983 0.0001 979
1696442277040 0.0001 980
1696442277097 0.0001 981
1696442277154 0.0001 982
1696442277211 0.0001 983
1696442277268 0.0001 984
1696442277325 0.0001 985
1696442277381 0.0001 986
1696442277437 0.0001 987
1696442277490 0.0001 988
1696442277543 0.0001 989
1696442282516 0.0001 990
1696442282573 0.0001 991
1696442282630 0.0001 992
1696442282686 0.0001 993
1696442282745 0.0001 994
1696442282805 0.0001 995
1696442282861 0.0001 996
1696442282922 0.0001 997
1696442282978 0.0001 998
1696442283036 0.0001 999
1696442283093 0.0001 1000
1696442283149 0.0001 1001
1696442283205 0.0001 1002
1696442283260 0.0001 1003
1696442283317 0.0001 1004
1696442283376 0.0001 1005
1696442283433 0.0001 1006
1696442283490 0.0001 1007
1696442283547 0.0001 1008
1696442283604 0.0001 1009
1696442283660 0.0001 1010
1696442283713 0.0001 1011
1696442283764 0.0001 1012
1696442288802 0.0001 1013
1696442288859 0.0001 1014
1696442288915 0.0001 1015
1696442288972 0.0001 1016
1696442289029 0.0001 1017
1696442289085 0.0001 1018
1696442289141 0.0001 1019
1696442289198 0.0001 1020
1696442289255 0.0001 1021
1696442289313 0.0001 1022
1696442289370 0.0001 1023
1696442289428 0.0001 1024
1696442289485 0.0001 1025
1696442289541 0.0001 1026
1696442289598 0.0001 1027
1696442289655 0.0001 1028
1696442289712 0.0001 1029
1696442289769 0.0001 1030
1696442289826 0.0001 1031
1696442289882 0.0001 1032
1696442289938 0.0001 1033
1696442289990 0.0001 1034
1696442290047 0.0001 1035
1696442295097 0.0001 1036
1696442295155 0.0001 1037
1696442295212 0.0001 1038
1696442295269 0.0001 1039
1696442295326 0.0001 1040
1696442295383 0.0001 1041
1696442295441 0.0001 1042
1696442295500 0.0001 1043
1696442295559 0.0001 1044
1696442295615 0.0001 1045
1696442295674 0.0001 1046
1696442295733 0.0001 1047
1696442295791 0.0001 1048
1696442295848 0.0001 1049
1696442295905 0.0001 1050
1696442295962 0.0001 1051
1696442296018 0.0001 1052
1696442296075 0.0001 1053
1696442296131 0.0001 1054
1696442296189 0.0001 1055
1696442296247 0.0001 1056
1696442296299 0.0001 1057
1696442296352 0.0001 1058
1696442301378 0.0001 1059
1696442301435 0.0001 1060
1696442301492 0.0001 1061
1696442301550 0.0001 1062
1696442301608 0.0001 1063
1696442301667 0.0001 1064
1696442301723 0.0001 1065
1696442301780 0.0001 1066
1696442301836 0.0001 1067
1696442301892 0.0001 1068
1696442301950 0.0001 1069
1696442302008 0.0001 1070
1696442302064 0.0001 1071
1696442302120 0.0001 1072
1696442302176 0.0001 1073
1696442302233 0.0001 1074
1696442302289 0.0001 1075
1696442302347 0.0001 1076
1696442302403 0.0001 1077
1696442302460 0.0001 1078
1696442302517 0.0001 1079
1696442302570 0.0001 1080
1696442302622 0.0001 1081
1696442307650 0.0001 1082
1696442307708 0.0001 1083
1696442307765 0.0001 1084
1696442307823 0.0001 1085
1696442307881 0.0001 1086
1696442307938 0.0001 1087
1696442307996 0.0001 1088
1696442308053 0.0001 1089
1696442308110 0.0001 1090
1696442308168 0.0001 1091
1696442308227 0.0001 1092
1696442308285 0.0001 1093
1696442308342 0.0001 1094
1696442308401 0.0001 1095
1696442308457 0.0001 1096
1696442308517 0.0001 1097
1696442308573 0.0001 1098
1696442308630 0.0001 1099
1696442308687 0.0001 1100
1696442308744 0.0001 1101
1696442308801 0.0001 1102
1696442308854 0.0001 1103
1696442308907 0.0001 1104
1696442313905 0.0001 1105
1696442313963 0.0001 1106
1696442314021 0.0001 1107
1696442314078 0.0001 1108
1696442314135 0.0001 1109
1696442314192 0.0001 1110
1696442314249 0.0001 1111
1696442314307 0.0001 1112
1696442314364 0.0001 1113
1696442314421 0.0001 1114
1696442314481 0.0001 1115
1696442314539 0.0001 1116
1696442314598 0.0001 1117
1696442314654 0.0001 1118
1696442314710 0.0001 1119
1696442314767 0.0001 1120
1696442314825 0.0001 1121
1696442314885 0.0001 1122
1696442314942 0.0001 1123
1696442314999 0.0001 1124
1696442315055 0.0001 1125
1696442315107 0.0001 1126
1696442315160 0.0001 1127
1696442320198 0.0001 1128
1696442320255 0.0001 1129
1696442320314 0.0001 1130
1696442320372 0.0001 1131
1696442320430 0.0001 1132
1696442320488 0.0001 1133
1696442320545 0.0001 1134
1696442320603 0.0001 1135
1696442320660 0.0001 1136
1696442320718 0.0001 1137
1696442320777 0.0001 1138
1696442320835 0.0001 1139
1696442320892 0.0001 1140
1696442320949 0.0001 1141
1696442321006 0.0001 1142
1696442321064 0.0001 1143
1696442321122 0.0001 1144
1696442321179 0.0001 1145
1696442321236 0.0001 1146
1696442321294 0.0001 1147
1696442321352 0.0001 1148
1696442321405 0.0001 1149
1696442321457 0.0001 1150
1696442326496 0.0001 1151
1696442326554 0.0001 1152
1696442326613 0.0001 1153
1696442326670 0.0001 1154
1696442326726 0.0001 1155
1696442326783 0.0001 1156
1696442326840 0.0001 1157
1696442326898 0.0001 1158
1696442326955 0.0001 1159
1696442327013 0.0001 1160
1696442327070 0.0001 1161
1696442327128 0.0001 1162
1696442327186 0.0001 1163
1696442327244 0.0001 1164
1696442327302 0.0001 1165
1696442327360 0.0001 1166
1696442327417 0.0001 1167
1696442327474 0.0001 1168
1696442327531 0.0001 1169
1696442327588 0.0001 1170
1696442327644 0.0001 1171
1696442327696 0.0001 1172
1696442327747 0.0001 1173
1696442332810 0.0001 1174
1696442332867 0.0001 1175
1696442332925 0.0001 1176
1696442332982 0.0001 1177
1696442333039 0.0001 1178
1696442333099 0.0001 1179
1696442333156 0.0001 1180
1696442333214 0.0001 1181
1696442333271 0.0001 1182
1696442333327 0.0001 1183
1696442333384 0.0001 1184
1696442333442 0.0001 1185
1696442333500 0.0001 1186
1696442333559 0.0001 1187
1696442333617 0.0001 1188
1696442333675 0.0001 1189
1696442333732 0.0001 1190
1696442333790 0.0001 1191
1696442333847 0.0001 1192
1696442333903 0.0001 1193
1696442333960 0.0001 1194
1696442334013 0.0001 1195
1696442334065 0.0001 1196
1696442339194 0.0001 1197
1696442339251 0.0001 1198
1696442339307 0.0001 1199
1696442339364 0.0001 1200
1696442339422 0.0001 1201
1696442339480 0.0001 1202
1696442339537 0.0001 1203
1696442339595 0.0001 1204
1696442339651 0.0001 1205
1696442339708 0.0001 1206
1696442339765 0.0001 1207
1696442339822 0.0001 1208
1696442339880 0.0001 1209
1696442339937 0.0001 1210
1696442339994 0.0001 1211
1696442340053 0.0001 1212
1696442340110 0.0001 1213
1696442340166 0.0001 1214
1696442340223 0.0001 1215
1696442340279 0.0001 1216
1696442340337 0.0001 1217
1696442340390 0.0001 1218
1696442340442 0.0001 1219
1696442345492 0.0001 1220
1696442345549 0.0001 1221
1696442345606 0.0001 1222
1696442345663 0.0001 1223
1696442345722 0.0001 1224
1696442345779 0.0001 1225
1696442345836 0.0001 1226
1696442345893 0.0001 1227
1696442345950 0.0001 1228
1696442346006 0.0001 1229
1696442346065 0.0001 1230
1696442346123 0.0001 1231
1696442346181 0.0001 1232
1696442346239 0.0001 1233
1696442346298 0.0001 1234
1696442346361 0.0001 1235
1696442346421 0.0001 1236
1696442346477 0.0001 1237
1696442346535 0.0001 1238
1696442346594 0.0001 1239
1696442346651 0.0001 1240
1696442346704 0.0001 1241
1696442346756 0.0001 1242
1696442351741 0.0001 1243
1696442351801 0.0001 1244
1696442351860 0.0001 1245
1696442351919 0.0001 1246
1696442351977 0.0001 1247
1696442352036 0.0001 1248
1696442352096 0.0001 1249
1696442352155 0.0001 1250
1696442352215 0.0001 1251
1696442352276 0.0001 1252
1696442352335 0.0001 1253
1696442352394 0.0001 1254
1696442352454 0.0001 1255
1696442352514 0.0001 1256
1696442352573 0.0001 1257
1696442352632 0.0001 1258
1696442352692 0.0001 1259
1696442352751 0.0001 1260
1696442352809 0.0001 1261
1696442352866 0.0001 1262
1696442352924 0.0001 1263
1696442352976 0.0001 1264
1696442353029 0.0001 1265
1696442358089 0.0001 1266
1696442358146 0.0001 1267
1696442358203 0.0001 1268
1696442358260 0.0001 1269
1696442358316 0.0001 1270
1696442358373 0.0001 1271
1696442358431 0.0001 1272
1696442358488 0.0001 1273
1696442358545 0.0001 1274
1696442358602 0.0001 1275
1696442358658 0.0001 1276
1696442358714 0.0001 1277
1696442358772 0.0001 1278
1696442358830 0.0001 1279
1696442358888 0.0001 1280
1696442358944 0.0001 1281
1696442359002 0.0001 1282
1696442359059 0.0001 1283
1696442359115 0.0001 1284
1696442359172 0.0001 1285
1696442359231 0.0001 1286
1696442359283 0.0001 1287
1696442359335 0.0001 1288
1696442364317 0.0001 1289
1696442364374 0.0001 1290
1696442364431 0.0001 1291
1696442364491 0.0001 1292
1696442364550 0.0001 1293
1696442364610 0.0001 1294
1696442364669 0.0001 1295
1696442364728 0.0001 1296
1696442364790 0.0001 1297
1696442364848 0.0001 1298
1696442364907 0.0001 1299
1696442364965 0.0001 1300
1696442365021 0.0001 1301
1696442365078 0.0001 1302
1696442365135 0.0001 1303
1696442365193 0.0001 1304
1696442365250 0.0001 1305
1696442365308 0.0001 1306
1696442365365 0.0001 1307
1696442365422 0.0001 1308
1696442365480 0.0001 1309
1696442365534 0.0001 1310
1696442365585 0.0001 1311
1696442370571 0.0001 1312
1696442370630 0.0001 1313
1696442370689 0.0001 1314
1696442370747 0.0001 1315
1696442370805 0.0001 1316
1696442370863 0.0001 1317
1696442370920 0.0001 1318
1696442370980 0.0001 1319
1696442371037 0.0001 1320
1696442371096 0.0001 1321
1696442371153 0.0001 1322
1696442371210 0.0001 1323
1696442371268 0.0001 1324
1696442371325 0.0001 1325
1696442371383 0.0001 1326
1696442371441 0.0001 1327
1696442371498 0.0001 1328
1696442371557 0.0001 1329
1696442371614 0.0001 1330
1696442371671 0.0001 1331
1696442371728 0.0001 1332
1696442371781 0.0001 1333
1696442371832 0.0001 1334
1696442376842 0.0001 1335
1696442376900 0.0001 1336
1696442376958 0.0001 1337
1696442377016 0.0001 1338
1696442377076 0.0001 1339
1696442377134 0.0001 1340
1696442377191 0.0001 1341
1696442377249 0.0001 1342
1696442377306 0.0001 1343
1696442377364 0.0001 1344
1696442377421 0.0001 1345
1696442377478 0.0001 1346
1696442377535 0.0001 1347
1696442377592 0.0001 1348
1696442377650 0.0001 1349
1696442377707 0.0001 1350
1696442377766 0.0001 1351
1696442377827 0.0001 1352
1696442377885 0.0001 1353
1696442377943 0.0001 1354
1696442378001 0.0001 1355
1696442378054 0.0001 1356
1696442378106 0.0001 1357
1696442383158 0.0001 1358
1696442383218 0.0001 1359
1696442383277 0.0001 1360
1696442383336 0.0001 1361
1696442383396 0.0001 1362
1696442383454 0.0001 1363
1696442383512 0.0001 1364
1696442383571 0.0001 1365
1696442383628 0.0001 1366
1696442383686 0.0001 1367
1696442383745 0.0001 1368
1696442383804 0.0001 1369
1696442383862 0.0001 1370
1696442383921 0.0001 1371
1696442383979 0.0001 1372
1696442384037 0.0001 1373
1696442384095 0.0001 1374
1696442384152 0.0001 1375
1696442384210 0.0001 1376
1696442384269 0.0001 1377
1696442384327 0.0001 1378
1696442384379 0.0001 1379
1696442384432 0.0001 1380
1696442389536 0.0001 1381
1696442389593 0.0001 1382
1696442389649 0.0001 1383
1696442389707 0.0001 1384
1696442389764 0.0001 1385
1696442389822 0.0001 1386
1696442389879 0.0001 1387
1696442389937 0.0001 1388
1696442389993 0.0001 1389
1696442390049 0.0001 1390
1696442390106 0.0001 1391
1696442390163 0.0001 1392
1696442390223 0.0001 1393
1696442390282 0.0001 1394
1696442390341 0.0001 1395
1696442390402 0.0001 1396
1696442390462 0.0001 1397
1696442390523 0.0001 1398
1696442390583 0.0001 1399
1696442390644 0.0001 1400
1696442390704 0.0001 1401
1696442390759 0.0001 1402
1696442390812 0.0001 1403
1696442395819 0.0001 1404
1696442395876 0.0001 1405
1696442395933 0.0001 1406
1696442395990 0.0001 1407
1696442396046 0.0001 1408
1696442396102 0.0001 1409
1696442396159 0.0001 1410
1696442396217 0.0001 1411
1696442396274 0.0001 1412
1696442396330 0.0001 1413
1696442396387 0.0001 1414
1696442396444 0.0001 1415
1696442396501 0.0001 1416
1696442396559 0.0001 1417
1696442396616 0.0001 1418
1696442396673 0.0001 1419
1696442396731 0.0001 1420
1696442396789 0.0001 1421
1696442396848 0.0001 1422
1696442396905 0.0001 1423
1696442396963 0.0001 1424
1696442397015 0.0001 1425
1696442397066 0.0001 1426
1696442402127 0.0001 1427
1696442402186 0.0001 1428
1696442402244 0.0001 1429
1696442402300 0.0001 1430
1696442402358 0.0001 1431
1696442402416 0.0001 1432
1696442402474 0.0001 1433
1696442402532 0.0001 1434
1696442402590 0.0001 1435
1696442402647 0.0001 1436
1696442402705 0.0001 1437
1696442402762 0.0001 1438
1696442402819 0.0001 1439
1696442402876 0.0001 1440
1696442402933 0.0001 1441
1696442402990 0.0001 1442
1696442403047 0.0001 1443
1696442403104 0.0001 1444
1696442403161 0.0001 1445
1696442403218 0.0001 1446
1696442403276 0.0001 1447
1696442403328 0.0001 1448
1696442403380 0.0001 1449
1696442408566 0.0001 1450
1696442408623 0.0001 1451
1696442408680 0.0001 1452
1696442408737 0.0001 1453
1696442408796 0.0001 1454
1696442408854 0.0001 1455
1696442408912 0.0001 1456
1696442408969 0.0001 1457
1696442409026 0.0001 1458
1696442409082 0.0001 1459
1696442409139 0.0001 1460
1696442409196 0.0001 1461
1696442409254 0.0001 1462
1696442409311 0.0001 1463
1696442409368 0.0001 1464
1696442409425 0.0001 1465
1696442409483 0.0001 1466
1696442409540 0.0001 1467
1696442409597 0.0001 1468
1696442409654 0.0001 1469
1696442409711 0.0001 1470
1696442409763 0.0001 1471
1696442409815 0.0001 1472
1696442414887 0.0001 1473
1696442414944 0.0001 1474
1696442415007 0.0001 1475
1696442415064 0.0001 1476
1696442415121 0.0001 1477
1696442415179 0.0001 1478
1696442415236 0.0001 1479
1696442415294 0.0001 1480
1696442415351 0.0001 1481
1696442415409 0.0001 1482
1696442415469 0.0001 1483
1696442415529 0.0001 1484
1696442415589 0.0001 1485
1696442415646 0.0001 1486
1696442415703 0.0001 1487
1696442415761 0.0001 1488
1696442415819 0.0001 1489
1696442415875 0.0001 1490
1696442415933 0.0001 1491
1696442415991 0.0001 1492
1696442416050 0.0001 1493
1696442416103 0.0001 1494
1696442416154 0.0001 1495
1696442421169 0.0001 1496
1696442421226 0.0001 1497
1696442421283 0.0001 1498
1696442421340 0.0001 1499
1696442421397 0.0001 1500
1696442421454 0.0001 1501
1696442421512 0.0001 1502
1696442421572 0.0001 1503
1696442421630 0.0001 1504
1696442421690 0.0001 1505
1696442421749 0.0001 1506
1696442421806 0.0001 1507
1696442421863 0.0001 1508
1696442421920 0.0001 1509
1696442421977 0.0001 1510
1696442422033 0.0001 1511
1696442422090 0.0001 1512
1696442422147 0.0001 1513
1696442422204 0.0001 1514
1696442422261 0.0001 1515
1696442422317 0.0001 1516
1696442422370 0.0001 1517
1696442422422 0.0001 1518
1696442427483 0.0001 1519
1696442427540 0.0001 1520
1696442427597 0.0001 1521
1696442427653 0.0001 1522
1696442427709 0.0001 1523
1696442427766 0.0001 1524
1696442427822 0.0001 1525
1696442427877 0.0001 1526
1696442427934 0.0001 1527
1696442427990 0.0001 1528
1696442428048 0.0001 1529
1696442428105 0.0001 1530
1696442428162 0.0001 1531
1696442428218 0.0001 1532
1696442428275 0.0001 1533
1696442428331 0.0001 1534
1696442428388 0.0001 1535
1696442428445 0.0001 1536
1696442428501 0.0001 1537
1696442428560 0.0001 1538
1696442428619 0.0001 1539
1696442428672 0.0001 1540
1696442428724 0.0001 1541
1696442433719 0.0001 1542
1696442433775 0.0001 1543
1696442433832 0.0001 1544
1696442433889 0.0001 1545
1696442433945 0.0001 1546
1696442434001 0.0001 1547
1696442434057 0.0001 1548
1696442434113 0.0001 1549
1696442434169 0.0001 1550
1696442434226 0.0001 1551
1696442434286 0.0001 1552
1696442434343 0.0001 1553
1696442434400 0.0001 1554
1696442434459 0.0001 1555
1696442434516 0.0001 1556
1696442434573 0.0001 1557
1696442434629 0.0001 1558
1696442434686 0.0001 1559
1696442434745 0.0001 1560
1696442434805 0.0001 1561
1696442434862 0.0001 1562
1696442434913 0.0001 1563
1696442434965 0.0001 1564
1696442440019 0.0001 1565
1696442440076 0.0001 1566
1696442440133 0.0001 1567
1696442440190 0.0001 1568
1696442440246 0.0001 1569
1696442440305 0.0001 1570
1696442440361 0.0001 1571
1696442440418 0.0001 1572
1696442440476 0.0001 1573
1696442440534 0.0001 1574
1696442440591 0.0001 1575
1696442440647 0.0001 1576
1696442440704 0.0001 1577
1696442440761 0.0001 1578
1696442440817 0.0001 1579
1696442440872 0.0001 1580
1696442440929 0.0001 1581
1696442440986 0.0001 1582
1696442441045 0.0001 1583
1696442441102 0.0001 1584
1696442441158 0.0001 1585
1696442441210 0.0001 1586
1696442441263 0.0001 1587
1696442446312 0.0001 1588
1696442446369 0.0001 1589
1696442446425 0.0001 1590
1696442446483 0.0001 1591
1696442446540 0.0001 1592
1696442446596 0.0001 1593
1696442446653 0.0001 1594
1696442446711 0.0001 1595
1696442446772 0.0001 1596
1696442446830 0.0001 1597
1696442446886 0.0001 1598
1696442446942 0.0001 1599
1696442446999 0.0001 1600
1696442447056 0.0001 1601
1696442447113 0.0001 1602
1696442447169 0.0001 1603
1696442447226 0.0001 1604
1696442447282 0.0001 1605
1696442447339 0.0001 1606
1696442447396 0.0001 1607
1696442447454 0.0001 1608
1696442447506 0.0001 1609
1696442447558 0.0001 1610
1696442452577 0.0001 1611
1696442452635 0.0001 1612
1696442452692 0.0001 1613
1696442452749 0.0001 1614
1696442452806 0.0001 1615
1696442452863 0.0001 1616
1696442452920 0.0001 1617
1696442452979 0.0001 1618
1696442453037 0.0001 1619
1696442453094 0.0001 1620
1696442453151 0.0001 1621
1696442453207 0.0001 1622
1696442453264 0.0001 1623
1696442453322 0.0001 1624
1696442453379 0.0001 1625
1696442453436 0.0001 1626
1696442453492 0.0001 1627
1696442453548 0.0001 1628
1696442453605 0.0001 1629
1696442453662 0.0001 1630
1696442453720 0.0001 1631
1696442453772 0.0001 1632
1696442453824 0.0001 1633
1696442458880 0.0001 1634
1696442458938 0.0001 1635
1696442459007 0.0001 1636
1696442459064 0.0001 1637
1696442459121 0.0001 1638
1696442459178 0.0001 1639
1696442459235 0.0001 1640
1696442459291 0.0001 1641
1696442459348 0.0001 1642
1696442459404 0.0001 1643
1696442459460 0.0001 1644
1696442459518 0.0001 1645
1696442459574 0.0001 1646
1696442459630 0.0001 1647
1696442459688 0.0001 1648
1696442459744 0.0001 1649
1696442459801 0.0001 1650
1696442459859 0.0001 1651
1696442459916 0.0001 1652
1696442459973 0.0001 1653
1696442460031 0.0001 1654
1696442460084 0.0001 1655
1696442460136 0.0001 1656
1696442465200 0.0001 1657
1696442465258 0.0001 1658
1696442465316 0.0001 1659
1696442465373 0.0001 1660
1696442465430 0.0001 1661
1696442465486 0.0001 1662
1696442465544 0.0001 1663
1696442465601 0.0001 1664
1696442465659 0.0001 1665
1696442465718 0.0001 1666
1696442465775 0.0001 1667
1696442465832 0.0001 1668
1696442465889 0.0001 1669
1696442465945 0.0001 1670
1696442466001 0.0001 1671
1696442466057 0.0001 1672
1696442466115 0.0001 1673
1696442466179 0.0001 1674
1696442466235 0.0001 1675
1696442466292 0.0001 1676
1696442466348 0.0001 1677
1696442466400 0.0001 1678
1696442466451 0.0001 1679
1696442471473 0.0001 1680
1696442471531 0.0001 1681
1696442471588 0.0001 1682
1696442471645 0.0001 1683
1696442471703 0.0001 1684
1696442471762 0.0001 1685
1696442471820 0.0001 1686
1696442471877 0.0001 1687
1696442471936 0.0001 1688
1696442471996 0.0001 1689
1696442472054 0.0001 1690
1696442472112 0.0001 1691
1696442472170 0.0001 1692
1696442472227 0.0001 1693
1696442472285 0.0001 1694
1696442472345 0.0001 1695
1696442472402 0.0001 1696
1696442472460 0.0001 1697
1696442472518 0.0001 1698
1696442472576 0.0001 1699
1696442472635 0.0001 1700
1696442472689 0.0001 1701
1696442472741 0.0001 1702
1696442477928 0.0001 1703
1696442477984 0.0001 1704
1696442478041 0.0001 1705
1696442478098 0.0001 1706
1696442478155 0.0001 1707
1696442478213 0.0001 1708
1696442478270 0.0001 1709
1696442478327 0.0001 1710
1696442478384 0.0001 1711
1696442478441 0.0001 1712
1696442478512 0.0001 1713
1696442478570 0.0001 1714
1696442478626 0.0001 1715
1696442478683 0.0001 1716
1696442478741 0.0001 1717
1696442478797 0.0001 1718
1696442478854 0.0001 1719
1696442478910 0.0001 1720
1696442478966 0.0001 1721
1696442479023 0.0001 1722
1696442479079 0.0001 1723
1696442479132 0.0001 1724
1696442479185 0.0001 1725
1696442484181 0.0001 1726
1696442484238 0.0001 1727
1696442484295 0.0001 1728
1696442484353 0.0001 1729
1696442484411 0.0001 1730
1696442484469 0.0001 1731
1696442484525 0.0001 1732
1696442484585 0.0001 1733
1696442484643 0.0001 1734
1696442484700 0.0001 1735
1696442484756 0.0001 1736
1696442484813 0.0001 1737
1696442484870 0.0001 1738
1696442484927 0.0001 1739
1696442484984 0.0001 1740
1696442485040 0.0001 1741
1696442485097 0.0001 1742
1696442485153 0.0001 1743
1696442485210 0.0001 1744
1696442485267 0.0001 1745
1696442485324 0.0001 1746
1696442485377 0.0001 1747
1696442485429 0.0001 1748
1696442490553 0.0001 1749
1696442490611 0.0001 1750
1696442490668 0.0001 1751
1696442490725 0.0001 1752
1696442490781 0.0001 1753
1696442490837 0.0001 1754
1696442490893 0.0001 1755
1696442490949 0.0001 1756
1696442491006 0.0001 1757
1696442491062 0.0001 1758
1696442491118 0.0001 1759
1696442491174 0.0001 1760
1696442491230 0.0001 1761
1696442491288 0.0001 1762
1696442491344 0.0001 1763
1696442491402 0.0001 1764
1696442491459 0.0001 1765
1696442491516 0.0001 1766
1696442491575 0.0001 1767
1696442491631 0.0001 1768
1696442491688 0.0001 1769
1696442491742 0.0001 1770
1696442491794 0.0001 1771
1696442496833 0.0001 1772
1696442496892 0.0001 1773
1696442496949 0.0001 1774
1696442497006 0.0001 1775
1696442497064 0.0001 1776
1696442497120 0.0001 1777
1696442497177 0.0001 1778
1696442497234 0.0001 1779
1696442497291 0.0001 1780
1696442497348 0.0001 1781
1696442497407 0.0001 1782
1696442497465 0.0001 1783
1696442497522 0.0001 1784
1696442497579 0.0001 1785
1696442497636 0.0001 1786
1696442497695 0.0001 1787
1696442497753 0.0001 1788
1696442497810 0.0001 1789
1696442497868 0.0001 1790
1696442497926 0.0001 1791
1696442497984 0.0001 1792
1696442498040 0.0001 1793
1696442498092 0.0001 1794
1696442503250 0.0001 1795
1696442503311 0.0001 1796
1696442503372 0.0001 1797
1696442503431 0.0001 1798
1696442503493 0.0001 1799
1696442503554 0.0001 1800
1696442503614 0.0001 1801
1696442503677 0.0001 1802
1696442503737 0.0001 1803
1696442503796 0.0001 1804
1696442503869 0.0001 1805
1696442503967 0.0001 1806
1696442504028 0.0001 1807
1696442504091 0.0001 1808
1696442504152 0.0001 1809
1696442504212 0.0001 1810
1696442504274 0.0001 1811
1696442504334 0.0001 1812
1696442504394 0.0001 1813
1696442504455 0.0001 1814
1696442504516 0.0001 1815
1696442504574 0.0001 1816
1696442504632 0.0001 1817
1696442511634 0.0001 1818
1696442511736 0.0001 1819
1696442511828 0.0001 1820
1696442511887 0.0001 1821
1696442511946 0.0001 1822
1696442512004 0.0001 1823
1696442512063 0.0001 1824
1696442512123 0.0001 1825
1696442512182 0.0001 1826
1696442512243 0.0001 1827
1696442512302 0.0001 1828
1696442512360 0.0001 1829
1696442512418 0.0001 1830
1696442512477 0.0001 1831
1696442512534 0.0001 1832
1696442512592 0.0001 1833
1696442512651 0.0001 1834
1696442512711 0.0001 1835
1696442512774 0.0001 1836
1696442512831 0.0001 1837
1696442512889 0.0001 1838
1696442512943 0.0001 1839
1696442512999 0.0001 1840
1696442518227 0.0001 1841
1696442518284 0.0001 1842
1696442518342 0.0001 1843
1696442518406 0.0001 1844
1696442518463 0.0001 1845
1696442518521 0.0001 1846
1696442518581 0.0001 1847
1696442518640 0.0001 1848
1696442518699 0.0001 1849
1696442518756 0.0001 1850
1696442518817 0.0001 1851
1696442518875 0.0001 1852
1696442518934 0.0001 1853
1696442518993 0.0001 1854
1696442519051 0.0001 1855
1696442519110 0.0001 1856
1696442519169 0.0001 1857
1696442519226 0.0001 1858
1696442519284 0.0001 1859
1696442519344 0.0001 1860
1696442519403 0.0001 1861
1696442519456 0.0001 1862
1696442519508 0.0001 1863
1696442524588 0.0001 1864
1696442524645 0.0001 1865
1696442524703 0.0001 1866
1696442524760 0.0001 1867
1696442524817 0.0001 1868
1696442524874 0.0001 1869
1696442524931 0.0001 1870
1696442524988 0.0001 1871
1696442525044 0.0001 1872
1696442525105 0.0001 1873
1696442525161 0.0001 1874
1696442525217 0.0001 1875
1696442525275 0.0001 1876
1696442525331 0.0001 1877
1696442525388 0.0001 1878
1696442525445 0.0001 1879
1696442525503 0.0001 1880
1696442525569 0.0001 1881
1696442525626 0.0001 1882
1696442525683 0.0001 1883
1696442525739 0.0001 1884
1696442525790 0.0001 1885
1696442525841 0.0001 1886
1696442530853 0.0001 1887
1696442530912 0.0001 1888
1696442530971 0.0001 1889
1696442531031 0.0001 1890
1696442531091 0.0001 1891
1696442531150 0.0001 1892
1696442531210 0.0001 1893
1696442531270 0.0001 1894
1696442531329 0.0001 1895
1696442531389 0.0001 1896
1696442531449 0.0001 1897
1696442531510 0.0001 1898
1696442531570 0.0001 1899
1696442531629 0.0001 1900
1696442531690 0.0001 1901
1696442531753 0.0001 1902
1696442531814 0.0001 1903
1696442531875 0.0001 1904
1696442531936 0.0001 1905
1696442531997 0.0001 1906
1696442532058 0.0001 1907
1696442532112 0.0001 1908
1696442532165 0.0001 1909
1696442537235 0.0001 1910
1696442537293 0.0001 1911
1696442537350 0.0001 1912
1696442537406 0.0001 1913
1696442537466 0.0001 1914
1696442537523 0.0001 1915
1696442537581 0.0001 1916
1696442537637 0.0001 1917
1696442537695 0.0001 1918
1696442537751 0.0001 1919
1696442537808 0.0001 1920
1696442537864 0.0001 1921
1696442537920 0.0001 1922
1696442537976 0.0001 1923
1696442538034 0.0001 1924
1696442538091 0.0001 1925
1696442538150 0.0001 1926
1696442538208 0.0001 1927
1696442538266 0.0001 1928
1696442538323 0.0001 1929
1696442538379 0.0001 1930
1696442538432 0.0001 1931
1696442538485 0.0001 1932
1696442543700 0.0001 1933
1696442543758 0.0001 1934
1696442543814 0.0001 1935
1696442543871 0.0001 1936
1696442543929 0.0001 1937
1696442543985 0.0001 1938
1696442544041 0.0001 1939
1696442544098 0.0001 1940
1696442544154 0.0001 1941
1696442544211 0.0001 1942
1696442544268 0.0001 1943
1696442544324 0.0001 1944
1696442544380 0.0001 1945
1696442544437 0.0001 1946
1696442544493 0.0001 1947
1696442544551 0.0001 1948
1696442544609 0.0001 1949
1696442544667 0.0001 1950
1696442544726 0.0001 1951
1696442544784 0.0001 1952
1696442544841 0.0001 1953
1696442544893 0.0001 1954
1696442544945 0.0001 1955
1696442550033 0.0001 1956
1696442550091 0.0001 1957
1696442550149 0.0001 1958
1696442550208 0.0001 1959
1696442550266 0.0001 1960
1696442550325 0.0001 1961
1696442550382 0.0001 1962
1696442550439 0.0001 1963
1696442550498 0.0001 1964
1696442550556 0.0001 1965
1696442550614 0.0001 1966
1696442550672 0.0001 1967
1696442550730 0.0001 1968
1696442550788 0.0001 1969
1696442550845 0.0001 1970
1696442550902 0.0001 1971
1696442550960 0.0001 1972
1696442551019 0.0001 1973
1696442551076 0.0001 1974
1696442551134 0.0001 1975
1696442551192 0.0001 1976
1696442551245 0.0001 1977
1696442551299 0.0001 1978
1696442556455 0.0001 1979
1696442556512 0.0001 1980
1696442556570 0.0001 1981
1696442556628 0.0001 1982
1696442556685 0.0001 1983
1696442556742 0.0001 1984
1696442556798 0.0001 1985
1696442556858 0.0001 1986
1696442556915 0.0001 1987
1696442556971 0.0001 1988
1696442557029 0.0001 1989
1696442557088 0.0001 1990
1696442557147 0.0001 1991
1696442557204 0.0001 1992
1696442557262 0.0001 1993
1696442557320 0.0001 1994
1696442557377 0.0001 1995
1696442557434 0.0001 1996
1696442557491 0.0001 1997
1696442557549 0.0001 1998
1696442557606 0.0001 1999
1696442557658 0.0001 2000
1696442557710 0.0001 2001
1696442562818 0.0001 2002
1696442562876 0.0001 2003
1696442562932 0.0001 2004
1696442562988 0.0001 2005
1696442563045 0.0001 2006
1696442563103 0.0001 2007
1696442563160 0.0001 2008
1696442563217 0.0001 2009
1696442563274 0.0001 2010
1696442563332 0.0001 2011
1696442563389 0.0001 2012
1696442563452 0.0001 2013
1696442563509 0.0001 2014
1696442563567 0.0001 2015
1696442563625 0.0001 2016
1696442563683 0.0001 2017
1696442563740 0.0001 2018
1696442563796 0.0001 2019
1696442563853 0.0001 2020
1696442563909 0.0001 2021
1696442563966 0.0001 2022
1696442564019 0.0001 2023
1696442564071 0.0001 2024
1696442569159 0.0001 2025
1696442569216 0.0001 2026
1696442569273 0.0001 2027
1696442569329 0.0001 2028
1696442569385 0.0001 2029
1696442569442 0.0001 2030
1696442569499 0.0001 2031
1696442569555 0.0001 2032
1696442569613 0.0001 2033
1696442569669 0.0001 2034
1696442569725 0.0001 2035
1696442569782 0.0001 2036
1696442569839 0.0001 2037
1696442569895 0.0001 2038
1696442569952 0.0001 2039
1696442570007 0.0001 2040
1696442570064 0.0001 2041
1696442570122 0.0001 2042
1696442570179 0.0001 2043
1696442570236 0.0001 2044
1696442570291 0.0001 2045
1696442570346 0.0001 2046
1696442570399 0.0001 2047
1696442575477 0.0001 2048
1696442575534 0.0001 2049
1696442575590 0.0001 2050
1696442575647 0.0001 2051
1696442575704 0.0001 2052
1696442575761 0.0001 2053
1696442575818 0.0001 2054
1696442575875 0.0001 2055
1696442575931 0.0001 2056
1696442575987 0.0001 2057
1696442576044 0.0001 2058
1696442576102 0.0001 2059
1696442576159 0.0001 2060
1696442576215 0.0001 2061
1696442576271 0.0001 2062
1696442576328 0.0001 2063
1696442576386 0.0001 2064
1696442576442 0.0001 2065
1696442576499 0.0001 2066
1696442576557 0.0001 2067
1696442576614 0.0001 2068
1696442576666 0.0001 2069
1696442576718 0.0001 2070
1696442581788 0.0001 2071
1696442581845 0.0001 2072
1696442581901 0.0001 2073
1696442581959 0.0001 2074
1696442582016 0.0001 2075
1696442582074 0.0001 2076
1696442582131 0.0001 2077
1696442582190 0.0001 2078
1696442582247 0.0001 2079
1696442582305 0.0001 2080
1696442582362 0.0001 2081
1696442582420 0.0001 2082
1696442582478 0.0001 2083
1696442582537 0.0001 2084
1696442582595 0.0001 2085
1696442582652 0.0001 2086
1696442582709 0.0001 2087
1696442582766 0.0001 2088
1696442582822 0.0001 2089
1696442582880 0.0001 2090
1696442582942 0.0001 2091
1696442582995 0.0001 2092
1696442583047 0.0001 2093
1696442588113 0.0001 2094
1696442588170 0.0001 2095
1696442588227 0.0001 2096
1696442588282 0.0001 2097
1696442588339 0.0001 2098
1696442588396 0.0001 2099
1696442588452 0.0001 2100
1696442588509 0.0001 2101
1696442588567 0.0001 2102
1696442588624 0.0001 2103
1696442588681 0.0001 2104
1696442588739 0.0001 2105
1696442588797 0.0001 2106
1696442588856 0.0001 2107
1696442588918 0.0001 2108
1696442588975 0.0001 2109
1696442589032 0.0001 2110
1696442589089 0.0001 2111
1696442589145 0.0001 2112
1696442589201 0.0001 2113
1696442589258 0.0001 2114
1696442589311 0.0001 2115
1696442589362 0.0001 2116
1696442594493 0.0001 2117
1696442594551 0.0001 2118
1696442594608 0.0001 2119
1696442594665 0.0001 2120
1696442594722 0.0001 2121
1696442594779 0.0001 2122
1696442594837 0.0001 2123
1696442594895 0.0001 2124
1696442594952 0.0001 2125
1696442595009 0.0001 2126
1696442595065 0.0001 2127
1696442595122 0.0001 2128
1696442595178 0.0001 2129
1696442595236 0.0001 2130
1696442595293 0.0001 2131
1696442595349 0.0001 2132
1696442595406 0.0001 2133
1696442595463 0.0001 2134
1696442595520 0.0001 2135
1696442595578 0.0001 2136
1696442595636 0.0001 2137
1696442595689 0.0001 2138
1696442595741 0.0001 2139
1696442600804 0.0001 2140
1696442600862 0.0001 2141
1696442600919 0.0001 2142
1696442600975 0.0001 2143
1696442601033 0.0001 2144
1696442601091 0.0001 2145
1696442601148 0.0001 2146
1696442601204 0.0001 2147
1696442601262 0.0001 2148
1696442601318 0.0001 2149
1696442601379 0.0001 2150
1696442601435 0.0001 2151
1696442601493 0.0001 2152
1696442601552 0.0001 2153
1696442601611 0.0001 2154
1696442601670 0.0001 2155
1696442601729 0.0001 2156
1696442601787 0.0001 2157
1696442601844 0.0001 2158
1696442601902 0.0001 2159
1696442601958 0.0001 2160
1696442602012 0.0001 2161
1696442602064 0.0001 2162
1696442607265 0.0001 2163
1696442607323 0.0001 2164
1696442607379 0.0001 2165
1696442607436 0.0001 2166
1696442607494 0.0001 2167
1696442607552 0.0001 2168
1696442607610 0.0001 2169
1696442607668 0.0001 2170
1696442607724 0.0001 2171
1696442607781 0.0001 2172
1696442607837 0.0001 2173
1696442607893 0.0001 2174
1696442607950 0.0001 2175
1696442608007 0.0001 2176
1696442608064 0.0001 2177
1696442608120 0.0001 2178
1696442608177 0.0001 2179
1696442608233 0.0001 2180
1696442608290 0.0001 2181
1696442608347 0.0001 2182
1696442608405 0.0001 2183
1696442608457 0.0001 2184
1696442608509 0.0001 2185
1696442613587 0.0001 2186
1696442613646 0.0001 2187
1696442613705 0.0001 2188
1696442613763 0.0001 2189
1696442613820 0.0001 2190
1696442613878 0.0001 2191
1696442613934 0.0001 2192
1696442613990 0.0001 2193
1696442614048 0.0001 2194
1696442614106 0.0001 2195
1696442614163 0.0001 2196
1696442614220 0.0001 2197
1696442614277 0.0001 2198
1696442614334 0.0001 2199
1696442614390 0.0001 2200
1696442614449 0.0001 2201
1696442614506 0.0001 2202
1696442614564 0.0001 2203
1696442614621 0.0001 2204
1696442614679 0.0001 2205
1696442614736 0.0001 2206
1696442614790 0.0001 2207
1696442614846 0.0001 2208
1696442619925 0.0001 2209
1696442619986 0.0001 2210
1696442620042 0.0001 2211
1696442620098 0.0001 2212
1696442620155 0.0001 2213
1696442620211 0.0001 2214
1696442620268 0.0001 2215
1696442620324 0.0001 2216
1696442620381 0.0001 2217
1696442620437 0.0001 2218
1696442620494 0.0001 2219
1696442620550 0.0001 2220
1696442620608 0.0001 2221
1696442620667 0.0001 2222
1696442620724 0.0001 2223
1696442620780 0.0001 2224
1696442620840 0.0001 2225
1696442620898 0.0001 2226
1696442620954 0.0001 2227
1696442621010 0.0001 2228
1696442621068 0.0001 2229
1696442621120 0.0001 2230
1696442621173 0.0001 2231
1696442626278 0.0001 2232
1696442626332 0.0001 2233
1696442626389 0.0001 2234
1696442626446 0.0001 2235
1696442626503 0.0001 2236
1696442626560 0.0001 2237
1696442626617 0.0001 2238
1696442626674 0.0001 2239
1696442626730 0.0001 2240
1696442626786 0.0001 2241
1696442626843 0.0001 2242
1696442626900 0.0001 2243
1696442626957 0.0001 2244
1696442627013 0.0001 2245
1696442627069 0.0001 2246
1696442627126 0.0001 2247
1696442627184 0.0001 2248
1696442627241 0.0001 2249
1696442627298 0.0001 2250
1696442627354 0.0001 2251
1696442627415 0.0001 2252
1696442627469 0.0001 2253
1696442627522 0.0001 2254
1696442632596 0.0001 2255
1696442632655 0.0001 2256
1696442632712 0.0001 2257
1696442632770 0.0001 2258
1696442632826 0.0001 2259
1696442632883 0.0001 2260
1696442632941 0.0001 2261
1696442632999 0.0001 2262
1696442633057 0.0001 2263
1696442633115 0.0001 2264
1696442633172 0.0001 2265
1696442633228 0.0001 2266
1696442633285 0.0001 2267
1696442633343 0.0001 2268
1696442633400 0.0001 2269
1696442633457 0.0001 2270
1696442633514 0.0001 2271
1696442633571 0.0001 2272
1696442633628 0.0001 2273
1696442633685 0.0001 2274
1696442633742 0.0001 2275
1696442633795 0.0001 2276
1696442633846 0.0001 2277
1696442638855 0.0001 2278
1696442638912 0.0001 2279
1696442638968 0.0001 2280
1696442639029 0.0001 2281
1696442639086 0.0001 2282
1696442639143 0.0001 2283
1696442639201 0.0001 2284
1696442639260 0.0001 2285
1696442639317 0.0001 2286
1696442639374 0.0001 2287
1696442639432 0.0001 2288
1696442639488 0.0001 2289
1696442639546 0.0001 2290
1696442639602 0.0001 2291
1696442639660 0.0001 2292
1696442639718 0.0001 2293
1696442639775 0.0001 2294
1696442639832 0.0001 2295
1696442639888 0.0001 2296
1696442639945 0.0001 2297
1696442640002 0.0001 2298
1696442640056 0.0001 2299
1696442640108 0.0001 2300
