1696442013740 0.6657086610794067 1
1696442020006 0.7324493527412415 2
1696442026293 0.578741192817688 3
1696442032485 0.5928346514701843 4
1696442038658 0.5591521263122559 5
1696442044920 0.616850733757019 6
1696442051344 0.7658519148826599 7
1696442057594 0.7074281573295593 8
1696442063837 0.5644738674163818 9
1696442070101 0.7907059788703918 10
1696442076380 0.594793438911438 11
1696442082617 0.6639079451560974 12
1696442088932 0.5638720989227295 13
1696442095204 0.704279363155365 14
1696442101503 0.7972032427787781 15
1696442107764 0.5839806795120239 16
1696442114045 0.6603764295578003 17
1696442120302 0.653264045715332 18
1696442126685 0.5786895751953125 19
1696442132948 0.5853338837623596 20
1696442139249 0.6637730002403259 21
1696442145439 0.6127294301986694 22
1696442151714 0.5656874775886536 23
1696442157987 0.5143598318099976 24
1696442164259 0.5451575517654419 25
1696442170612 0.7345089912414551 26
1696442176886 0.74947589635849 27
1696442183183 0.7537789940834045 28
1696442189408 0.5460522174835205 29
1696442195677 0.5726101398468018 30
1696442202096 0.8300555348396301 31
1696442208401 0.6102002859115601 32
1696442214609 0.6617425084114075 33
1696442220973 0.6306298971176147 34
1696442227271 0.5216118693351746 35
1696442233515 0.4817270338535309 36
1696442239765 0.6545945405960083 37
1696442246027 0.6180705428123474 38
1696442252308 0.6487671732902527 39
1696442258590 0.5913845896720886 40
1696442264875 0.5802810788154602 41
1696442271117 0.7035054564476013 42
1696442277546 0.4584297239780426 43
1696442283767 0.6639000773429871 44
1696442290050 0.5349081158638 45
1696442296354 0.6088938117027283 46
1696442302624 0.5353962779045105 47
1696442308909 0.6002879738807678 48
1696442315163 0.6965168118476868 49
1696442321460 0.6135154962539673 50
1696442327750 0.5633923411369324 51
1696442334067 0.5486218929290771 52
1696442340445 0.7252160310745239 53
1696442346759 0.6718562245368958 54
1696442353032 0.6379610300064087 55
1696442359337 0.6327740550041199 56
1696442365588 0.7186987400054932 57
1696442371835 0.676104724407196 58
1696442378109 0.5671467185020447 59
1696442384435 0.6788951754570007 60
1696442390814 0.6116192936897278 61
1696442397069 0.7149167656898499 62
1696442403382 0.7078612446784973 63
1696442409818 0.6364409923553467 64
1696442416157 0.6788023710250854 65
1696442422425 0.5624149441719055 66
1696442428727 0.33618730306625366 67
1696442434968 0.7471263408660889 68
1696442441265 0.732770562171936 69
1696442447561 0.5307306051254272 70
1696442453827 0.664089560508728 71
1696442460138 0.6655505299568176 72
1696442466454 0.5659676790237427 73
1696442472744 0.5864172577857971 74
1696442479187 0.662004292011261 75
1696442485432 0.6322290897369385 76
1696442491797 0.5950608849525452 77
1696442498094 0.6142591238021851 78
1696442504635 0.624865710735321 79
1696442513002 0.7759526968002319 80
1696442519511 0.7522755861282349 81
1696442525844 0.7356452941894531 82
1696442532168 0.7364214658737183 83
1696442538488 0.7255310416221619 84
1696442544948 0.6844438910484314 85
1696442551302 0.7275917530059814 86
1696442557713 0.6394482851028442 87
1696442564074 0.6424834728240967 88
1696442570402 0.6556469202041626 89
1696442576721 0.6108310222625732 90
1696442583049 0.6733341217041016 91
1696442589365 0.8432838320732117 92
1696442595744 0.45753011107444763 93
1696442602067 0.788976788520813 94
1696442608512 0.7491819262504578 95
1696442614848 0.6602389812469482 96
1696442621175 0.6674596071243286 97
1696442627525 0.7075913548469543 98
1696442633848 0.8119950890541077 99
1696442640111 0.6730718016624451 100
