1695657432954 0.8593703508377075 1
1695657432997 0.9909974932670593 2
1695657433032 0.8426071405410767 3
1695657433067 0.7972817420959473 4
1695657434598 1.0050055980682373 5
1695657434636 0.9866297245025635 6
1695657434671 0.91562420129776 7
1695657434704 1.007225751876831 8
1695657436148 0.8939019441604614 9
1695657436186 0.8694889545440674 10
1695657436220 0.8254220485687256 11
1695657436254 0.9661464095115662 12
1695657437638 1.0031864643096924 13
1695657437678 0.9179419279098511 14
1695657437713 0.993810772895813 15
1695657437746 0.750542163848877 16
1695657439112 0.9762735366821289 17
1695657439149 0.98842853307724 18
1695657439182 0.974280595779419 19
1695657439216 0.9838454723358154 20
1695657440668 0.9634948968887329 21
1695657440707 0.8269280195236206 22
1695657440741 0.9465939998626709 23
1695657440772 0.937854528427124 24
1695657442156 0.788857102394104 25
1695657442195 0.7681373953819275 26
1695657442229 0.7914562225341797 27
1695657442261 0.9278347492218018 28
1695657443679 0.6770468950271606 29
1695657443722 0.9706301689147949 30
1695657443755 0.9609172940254211 31
1695657443788 0.9532838463783264 32
1695657445277 0.9572495222091675 33
1695657445314 0.9538730382919312 34
1695657445347 0.8327629566192627 35
1695657445379 0.9514936208724976 36
1695657446835 0.9394642114639282 37
1695657446874 0.9096603393554688 38
1695657446907 0.9260306358337402 39
1695657446941 0.8512757420539856 40
1695657448339 0.821725606918335 41
1695657448376 0.9133313894271851 42
1695657448409 0.7128143310546875 43
1695657448441 0.8935002088546753 44
1695657449816 0.9231557250022888 45
1695657449856 0.821060061454773 46
1695657449889 0.750813364982605 47
1695657449923 0.9070143103599548 48
1695657451307 0.9845829010009766 49
1695657451345 0.8999674320220947 50
1695657451379 0.9504560232162476 51
1695657451412 0.8744048476219177 52
1695657452792 0.9416606426239014 53
1695657452832 0.8984992504119873 54
1695657452868 0.9459253549575806 55
1695657452902 0.7994377613067627 56
1695657454376 0.9280702471733093 57
1695657454415 0.8793454766273499 58
1695657454449 0.8684022426605225 59
1695657454483 0.8818283081054688 60
1695657455898 0.8738549947738647 61
1695657455937 0.867526113986969 62
1695657455970 0.9167395830154419 63
1695657456003 0.7834099531173706 64
1695657457393 0.820629358291626 65
1695657457431 0.8900676965713501 66
1695657457464 0.7972925305366516 67
1695657457497 0.7684736251831055 68
1695657458887 0.8649780750274658 69
1695657458925 0.8748900890350342 70
1695657458960 0.7315475940704346 71
1695657458994 0.8526052236557007 72
1695657460399 0.7058684229850769 73
1695657460440 0.8385872840881348 74
1695657460475 0.8618276119232178 75
1695657460508 0.8751965761184692 76
1695657461913 0.8473501205444336 77
1695657461950 0.8497734069824219 78
1695657461984 0.7789307832717896 79
1695657462018 0.7578319907188416 80
1695657463470 0.8682912588119507 81
1695657463509 0.8169331550598145 82
1695657463543 0.7868725061416626 83
1695657463576 0.8165117502212524 84
1695657465064 0.863714873790741 85
1695657465102 0.8616219758987427 86
1695657465134 0.8643909096717834 87
1695657465166 0.8757451772689819 88
1695657466619 0.8390296697616577 89
1695657466658 0.7162957191467285 90
1695657466692 0.7405011653900146 91
1695657466726 0.7642040252685547 92
1695657468127 0.7151318788528442 93
1695657468165 0.8329979181289673 94
1695657468199 0.6484549045562744 95
1695657468232 0.6902004480361938 96
1695657469643 0.7623547315597534 97
1695657469682 0.8279633522033691 98
1695657469714 0.8552248477935791 99
1695657469746 0.8312824964523315 100
1695657471163 0.5913155674934387 101
1695657471202 0.8522217273712158 102
1695657471236 0.8339145183563232 103
1695657471269 0.7826184034347534 104
1695657472680 0.9647426605224609 105
1695657472719 0.8460793495178223 106
1695657472752 0.8644183874130249 107
1695657472785 1.00039541721344 108
1695657474202 0.7787125706672668 109
1695657474241 0.8458360433578491 110
1695657474274 0.6817959547042847 111
1695657474307 0.6673328876495361 112
1695657475720 0.8627606630325317 113
1695657475760 0.883591890335083 114
1695657475795 0.8469666242599487 115
1695657475831 0.8152793645858765 116
1695657477350 0.867487907409668 117
1695657477389 0.8252608180046082 118
1695657477422 0.7372761964797974 119
1695657477455 0.8580602407455444 120
1695657478895 0.8404309749603271 121
1695657478932 0.8245528936386108 122
1695657478966 0.6985219717025757 123
1695657479000 0.6870459318161011 124
1695657480431 0.8423497676849365 125
1695657480470 0.725042462348938 126
1695657480504 0.773699164390564 127
1695657480537 0.6879698038101196 128
1695657481953 0.8005505800247192 129
1695657481991 0.793219804763794 130
1695657482025 0.8060712814331055 131
1695657482058 0.7973006367683411 132
1695657483492 0.8673416376113892 133
1695657483531 0.7902803421020508 134
1695657483564 0.8388310670852661 135
1695657483598 0.7911480665206909 136
1695657485031 0.7521415948867798 137
1695657485070 0.6029385924339294 138
1695657485105 0.9217641353607178 139
1695657485139 0.6025419235229492 140
1695657486571 0.6724928021430969 141
1695657486610 0.837019681930542 142
1695657486644 0.8469600677490234 143
1695657486676 0.7226475477218628 144
1695657488111 0.8000710010528564 145
1695657488151 0.8299428224563599 146
1695657488185 0.7960837483406067 147
1695657488219 0.8153513669967651 148
1695657489649 0.8350704908370972 149
1695657489688 0.8424453139305115 150
1695657489721 0.8441005945205688 151
1695657489755 0.6983630657196045 152
1695657491258 0.8636163473129272 153
1695657491296 0.7673550844192505 154
1695657491329 0.8472777605056763 155
1695657491362 0.6131187677383423 156
1695657492820 0.832886815071106 157
1695657492857 0.8040791749954224 158
1695657492889 0.8404670357704163 159
1695657492921 0.6630347967147827 160
1695657494417 0.8152222633361816 161
1695657494456 0.8026390075683594 162
1695657494489 0.8138970732688904 163
1695657494524 0.7130324840545654 164
1695657495968 0.7964190244674683 165
1695657496006 0.7035508155822754 166
1695657496038 0.7504416704177856 167
1695657496070 0.8174039125442505 168
1695657497522 0.6319230198860168 169
1695657497559 0.7832329273223877 170
1695657497592 0.7789902687072754 171
1695657497624 0.8170457482337952 172
1695657499064 0.7817234992980957 173
1695657499101 0.7938569784164429 174
1695657499134 0.7625929713249207 175
1695657499167 0.7675439119338989 176
1695657500605 0.5518064498901367 177
1695657500643 0.771574854850769 178
1695657500677 0.7225577235221863 179
1695657500711 0.7965708374977112 180
1695657502256 0.7409780025482178 181
1695657502295 0.6795215010643005 182
1695657502330 0.803226113319397 183
1695657502365 0.5826923847198486 184
1695657503913 0.637071430683136 185
1695657503950 0.7780337333679199 186
1695657503983 0.7629690170288086 187
1695657504017 0.6810365915298462 188
1695657505558 0.79999840259552 189
1695657505597 0.812137246131897 190
1695657505631 0.7665044069290161 191
1695657505665 0.5525771379470825 192
1695657507222 0.7716788053512573 193
1695657507259 0.7526368498802185 194
1695657507294 0.7733219861984253 195
1695657507327 0.7847464084625244 196
1695657508812 0.7541494369506836 197
1695657508850 0.6260194182395935 198
1695657508882 0.7559154033660889 199
1695657508915 0.714988112449646 200
