1695657432956 0.0001 1
1695657432998 0.0001 2
1695657433033 0.0001 3
1695657433068 0.0001 4
1695657434599 0.0001 5
1695657434637 0.0001 6
1695657434672 0.0001 7
1695657434705 0.0001 8
1695657436148 0.0001 9
1695657436187 0.0001 10
1695657436221 0.0001 11
1695657436255 0.0001 12
1695657437638 0.0001 13
1695657437679 0.0001 14
1695657437713 0.0001 15
1695657437747 0.0001 16
1695657439113 0.0001 17
1695657439150 0.0001 18
1695657439183 0.0001 19
1695657439216 0.0001 20
1695657440669 0.0001 21
1695657440708 0.0001 22
1695657440741 0.0001 23
1695657440773 0.0001 24
1695657442157 0.0001 25
1695657442196 0.0001 26
1695657442229 0.0001 27
1695657442262 0.0001 28
1695657443680 0.0001 29
1695657443723 0.0001 30
1695657443755 0.0001 31
1695657443788 0.0001 32
1695657445278 0.0001 33
1695657445315 0.0001 34
1695657445348 0.0001 35
1695657445380 0.0001 36
1695657446836 0.0001 37
1695657446875 0.0001 38
1695657446908 0.0001 39
1695657446941 0.0001 40
1695657448340 0.0001 41
1695657448377 0.0001 42
1695657448410 0.0001 43
1695657448442 0.0001 44
1695657449817 0.0001 45
1695657449856 0.0001 46
1695657449890 0.0001 47
1695657449924 0.0001 48
1695657451308 0.0001 49
1695657451346 0.0001 50
1695657451380 0.0001 51
1695657451413 0.0001 52
1695657452793 0.0001 53
1695657452833 0.0001 54
1695657452869 0.0001 55
1695657452902 0.0001 56
1695657454377 0.0001 57
1695657454416 0.0001 58
1695657454450 0.0001 59
1695657454484 0.0001 60
1695657455899 0.0001 61
1695657455938 0.0001 62
1695657455970 0.0001 63
1695657456004 0.0001 64
1695657457394 0.0001 65
1695657457432 0.0001 66
1695657457465 0.0001 67
1695657457498 0.0001 68
1695657458888 0.0001 69
1695657458926 0.0001 70
1695657458961 0.0001 71
1695657458995 0.0001 72
1695657460400 0.0001 73
1695657460441 0.0001 74
1695657460476 0.0001 75
1695657460509 0.0001 76
1695657461914 0.0001 77
1695657461951 0.0001 78
1695657461985 0.0001 79
1695657462019 0.0001 80
1695657463471 0.0001 81
1695657463510 0.0001 82
1695657463543 0.0001 83
1695657463576 0.0001 84
1695657465065 0.0001 85
1695657465103 0.0001 86
1695657465135 0.0001 87
1695657465167 0.0001 88
1695657466620 0.0001 89
1695657466659 0.0001 90
1695657466693 0.0001 91
1695657466727 0.0001 92
1695657468128 0.0001 93
1695657468166 0.0001 94
1695657468200 0.0001 95
1695657468233 0.0001 96
1695657469644 0.0001 97
1695657469682 0.0001 98
1695657469715 0.0001 99
1695657469747 0.0001 100
1695657471164 0.0001 101
1695657471203 0.0001 102
1695657471237 0.0001 103
1695657471270 0.0001 104
1695657472681 0.0001 105
1695657472720 0.0001 106
1695657472753 0.0001 107
1695657472786 0.0001 108
1695657474203 0.0001 109
1695657474241 0.0001 110
1695657474275 0.0001 111
1695657474307 0.0001 112
1695657475721 0.0001 113
1695657475761 0.0001 114
1695657475796 0.0001 115
1695657475832 0.0001 116
1695657477351 0.0001 117
1695657477389 0.0001 118
1695657477423 0.0001 119
1695657477456 0.0001 120
1695657478896 0.0001 121
1695657478933 0.0001 122
1695657478967 0.0001 123
1695657479001 0.0001 124
1695657480432 0.0001 125
1695657480471 0.0001 126
1695657480504 0.0001 127
1695657480537 0.0001 128
1695657481953 0.0001 129
1695657481992 0.0001 130
1695657482026 0.0001 131
1695657482059 0.0001 132
1695657483493 0.0001 133
1695657483532 0.0001 134
1695657483565 0.0001 135
1695657483598 0.0001 136
1695657485032 0.0001 137
1695657485071 0.0001 138
1695657485105 0.0001 139
1695657485139 0.0001 140
1695657486572 0.0001 141
1695657486611 0.0001 142
1695657486644 0.0001 143
1695657486677 0.0001 144
1695657488112 0.0001 145
1695657488151 0.0001 146
1695657488186 0.0001 147
1695657488220 0.0001 148
1695657489650 0.0001 149
1695657489689 0.0001 150
1695657489722 0.0001 151
1695657489756 0.0001 152
1695657491259 0.0001 153
1695657491297 0.0001 154
1695657491330 0.0001 155
1695657491363 0.0001 156
1695657492821 0.0001 157
1695657492858 0.0001 158
1695657492890 0.0001 159
1695657492922 0.0001 160
1695657494418 0.0001 161
1695657494457 0.0001 162
1695657494490 0.0001 163
1695657494524 0.0001 164
1695657495968 0.0001 165
1695657496006 0.0001 166
1695657496039 0.0001 167
1695657496071 0.0001 168
1695657497523 0.0001 169
1695657497560 0.0001 170
1695657497592 0.0001 171
1695657497625 0.0001 172
1695657499065 0.0001 173
1695657499102 0.0001 174
1695657499135 0.0001 175
1695657499168 0.0001 176
1695657500606 0.0001 177
1695657500644 0.0001 178
1695657500678 0.0001 179
1695657500712 0.0001 180
1695657502257 0.0001 181
1695657502296 0.0001 182
1695657502331 0.0001 183
1695657502366 0.0001 184
1695657503914 0.0001 185
1695657503951 0.0001 186
1695657503984 0.0001 187
1695657504018 0.0001 188
1695657505559 0.0001 189
1695657505598 0.0001 190
1695657505631 0.0001 191
1695657505666 0.0001 192
1695657507223 0.0001 193
1695657507260 0.0001 194
1695657507295 0.0001 195
1695657507327 0.0001 196
1695657508813 0.0001 197
1695657508851 0.0001 198
1695657508883 0.0001 199
1695657508916 0.0001 200
