1695657433070 0.2643890976905823 1
1695657434707 0.15665936470031738 2
1695657436257 0.17763352394104004 3
1695657437749 0.22975297272205353 4
1695657439218 0.00041662328294478357 5
1695657440775 0.088404580950737 6
1695657442264 0.4390757977962494 7
1695657443790 0.3430536985397339 8
1695657445382 0.11568383127450943 9
1695657446943 0.15412162244319916 10
1695657448444 0.2717374265193939 11
1695657449926 0.2580881714820862 12
1695657451414 0.17501257359981537 13
1695657452904 0.14202019572257996 14
1695657454486 0.04538307711482048 15
1695657456006 0.08988089859485626 16
1695657457500 0.16317218542099 17
1695657458997 0.1145143061876297 18
1695657460511 0.16590021550655365 19
1695657462021 0.15652430057525635 20
1695657463578 0.19823575019836426 21
1695657465169 0.0 22
1695657466728 0.21187984943389893 23
1695657468235 0.3100677728652954 24
1695657469748 0.12046843022108078 25
1695657471272 0.31100350618362427 26
1695657472788 0.029984598979353905 27
1695657474309 0.3514580726623535 28
1695657475834 0.18098227679729462 29
1695657477458 0.1115167960524559 30
1695657479003 0.23514880239963531 31
1695657480539 0.07920806854963303 32
1695657482061 0.03595549613237381 33
1695657483600 0.1808270663022995 34
1695657485141 0.4002556800842285 35
1695657486679 0.3389916718006134 36
1695657488222 0.010052422992885113 37
1695657489758 0.16112083196640015 38
1695657491364 0.18507857620716095 39
1695657492924 0.3160126507282257 40
1695657494526 0.18043698370456696 41
1695657496073 0.05576511472463608 42
1695657497626 0.07119126617908478 43
1695657499170 0.037459589540958405 44
1695657500713 0.11219414323568344 45
1695657502367 0.16085933148860931 46
1695657504020 0.2496756613254547 47
1695657505668 0.1569710373878479 48
1695657507329 0.08314011245965958 49
1695657508918 0.07064925879240036 50
