1695672500096 0.49346113204956055 1
1695672500152 0.35987406969070435 2
1695672500191 0.619840145111084 3
1695672500231 0.6403225064277649 4
1695672500271 0.5510756969451904 5
1695672500306 0.3796267807483673 6
1695672500339 0.5380837321281433 7
1695672503322 0.7157001495361328 8
1695672503362 0.5795090794563293 9
1695672503402 0.5254818201065063 10
1695672503441 0.37997499108314514 11
1695672503480 0.5427917838096619 12
1695672503515 0.5468301177024841 13
1695672503549 0.575478196144104 14
1695672506488 0.544828474521637 15
1695672506530 1.5421794652938843 16
1695672506571 0.46791329979896545 17
1695672506611 0.5552496314048767 18
1695672506651 0.41778287291526794 19
1695672506686 0.3026525378227234 20
1695672506719 0.5871607065200806 21
1695672509578 0.33577919006347656 22
1695672509618 0.26650917530059814 23
1695672509656 0.5656372308731079 24
1695672509695 0.5302377939224243 25
1695672509732 0.4572432041168213 26
1695672509766 0.2743009924888611 27
1695672509799 0.5905827879905701 28
1695672512652 0.6242795586585999 29
1695672512692 0.5525686740875244 30
1695672512730 0.5681750178337097 31
1695672512766 2.581630229949951 32
1695672512804 0.4485572576522827 33
1695672512837 0.9672420620918274 34
1695672512870 0.21570482850074768 35
1695672515706 0.5528541803359985 36
1695672515747 0.21908769011497498 37
1695672515789 0.27379047870635986 38
1695672515831 0.5581822991371155 39
1695672515872 0.5587823390960693 40
1695672515908 0.7740880250930786 41
1695672515942 0.5541436076164246 42
1695672518841 0.6127864122390747 43
1695672518880 0.5905347466468811 44
1695672518919 0.6427555680274963 45
1695672518960 0.6614343523979187 46
1695672518999 0.2107512205839157 47
1695672519033 0.5545769333839417 48
1695672519066 0.5521228909492493 49
1695672521964 0.3935656249523163 50
1695672522002 0.570412814617157 51
1695672522041 0.44140130281448364 52
1695672522079 0.5744054913520813 53
1695672522117 0.5763936638832092 54
1695672522149 0.6446133852005005 55
1695672522183 0.8441545963287354 56
1695672525068 0.6261473894119263 57
1695672525107 0.31448471546173096 58
1695672525144 0.6182370185852051 59
1695672525182 0.6273810863494873 60
1695672525221 0.19773828983306885 61
1695672525256 0.12085255235433578 62
1695672525289 0.2645438611507416 63
1695672528209 0.5540685653686523 64
1695672528248 0.5516788363456726 65
1695672528287 0.5336284637451172 66
1695672528326 0.5649622678756714 67
1695672528365 0.4571986794471741 68
1695672528399 0.542050302028656 69
1695672528433 0.5321442484855652 70
1695672531321 0.5487319231033325 71
1695672531359 0.4910045266151428 72
1695672531397 0.4401034116744995 73
1695672531434 0.2271043360233307 74
1695672531472 0.5395902991294861 75
1695672531506 0.5451650023460388 76
1695672531539 0.5436143279075623 77
1695672534441 0.5307995080947876 78
1695672534480 0.6818933486938477 79
1695672534519 0.5414881110191345 80
1695672534559 0.68818199634552 81
1695672534598 0.34598612785339355 82
1695672534632 0.6219651699066162 83
1695672534667 0.45668095350265503 84
1695672537541 0.5919310450553894 85
1695672537581 0.5522313117980957 86
1695672537619 0.540643036365509 87
1695672537657 0.20680494606494904 88
1695672537696 0.5716351866722107 89
1695672537730 0.5446731448173523 90
1695672537763 0.5493135452270508 91
1695672540646 0.6017162203788757 92
1695672540686 0.3540390133857727 93
1695672540724 0.5783220529556274 94
1695672540762 0.5562770366668701 95
1695672540800 0.5527343153953552 96
1695672540834 0.23819489777088165 97
1695672540866 0.5373955965042114 98
1695672543802 0.5409066677093506 99
1695672543842 0.49628323316574097 100
1695672543881 0.5922952890396118 101
1695672543919 0.42748206853866577 102
1695672543957 0.31744492053985596 103
1695672543991 0.26112261414527893 104
1695672544025 0.36767691373825073 105
1695672546889 0.3806546926498413 106
1695672546928 0.2066698670387268 107
1695672546966 0.5449745059013367 108
1695672547004 0.8045572638511658 109
1695672547042 0.6820502877235413 110
1695672547075 0.5566016435623169 111
1695672547108 0.5495434403419495 112
1695672549993 0.557721734046936 113
1695672550034 0.15376518666744232 114
1695672550073 0.5594580173492432 115
1695672550112 0.5637760162353516 116
1695672550151 0.49845486879348755 117
1695672550184 0.535321056842804 118
1695672550219 0.3561067581176758 119
1695672553200 0.49169787764549255 120
1695672553239 0.5243035554885864 121
1695672553278 1.3217313289642334 122
1695672553316 0.5424795150756836 123
1695672553354 0.4477110207080841 124
1695672553387 0.583363950252533 125
1695672553421 0.5660483837127686 126
1695672556335 0.5425387024879456 127
1695672556373 0.5461601614952087 128
1695672556412 0.5740010738372803 129
1695672556451 0.3465366065502167 130
1695672556489 0.5779389142990112 131
1695672556523 0.5641579627990723 132
1695672556556 0.6118426322937012 133
1695672559476 0.6012604236602783 134
1695672559515 0.5352683067321777 135
1695672559556 0.3273201286792755 136
1695672559596 0.3075622618198395 137
1695672559636 0.5795280933380127 138
1695672559670 0.536292552947998 139
1695672559704 0.5566151738166809 140
1695672562694 0.37659192085266113 141
1695672562733 0.3826351761817932 142
1695672562772 0.5135793685913086 143
1695672562809 0.41438084840774536 144
1695672562847 0.45533624291419983 145
1695672562881 0.4068284034729004 146
1695672562916 0.595937192440033 147
1695672565816 0.5664931535720825 148
1695672565855 0.42861151695251465 149
1695672565893 0.5591375827789307 150
1695672565932 0.2509605884552002 151
1695672565970 0.6253330707550049 152
1695672566003 0.5548210144042969 153
1695672566037 0.5795836448669434 154
1695672568940 0.15440601110458374 155
1695672568979 0.27483028173446655 156
1695672569018 0.5881128907203674 157
1695672569055 0.6827489733695984 158
1695672569094 0.1840571165084839 159
1695672569127 0.4734554886817932 160
1695672569160 0.5669018626213074 161
1695672572074 0.5465865731239319 162
1695672572112 0.5317385196685791 163
1695672572150 0.6298710703849792 164
1695672572188 0.588184118270874 165
1695672572228 0.5312113165855408 166
1695672572264 0.31373095512390137 167
1695672572299 0.346967875957489 168
1695672575254 0.5304421782493591 169
1695672575292 0.531303882598877 170
1695672575331 0.5269720554351807 171
1695672575370 0.5417612791061401 172
1695672575408 0.5357710123062134 173
1695672575442 0.47359025478363037 174
1695672575476 0.5392863154411316 175
1695672578436 0.2516474425792694 176
1695672578476 0.5468353629112244 177
1695672578516 0.5375689268112183 178
1695672578555 0.5293697118759155 179
1695672578594 0.41514265537261963 180
1695672578628 0.534791886806488 181
1695672578663 0.3298586308956146 182
1695672581601 0.565132737159729 183
1695672581645 0.5426844358444214 184
1695672581688 0.5531105399131775 185
1695672581731 0.31704580783843994 186
1695672581771 0.542061448097229 187
1695672581805 0.5528781414031982 188
1695672581839 0.5276501774787903 189
1695672584805 0.3200669288635254 190
1695672584845 0.582087516784668 191
1695672584885 0.44603145122528076 192
1695672584924 0.5409623980522156 193
1695672584963 0.3173726201057434 194
1695672584996 0.5508988499641418 195
1695672585029 0.54100102186203 196
1695672587988 0.3601824641227722 197
1695672588027 0.31520605087280273 198
1695672588066 0.5290331244468689 199
1695672588104 0.5398923754692078 200
1695672588143 0.4060491621494293 201
1695672588178 0.5591857433319092 202
1695672588214 0.32379385828971863 203
1695672591191 0.5310034155845642 204
1695672591231 0.3664308488368988 205
1695672591271 0.5017082095146179 206
1695672591309 0.5645602345466614 207
1695672591348 0.6006820201873779 208
1695672591380 0.5285108685493469 209
1695672591414 0.35911592841148376 210
1695672594408 0.584831178188324 211
1695672594448 0.760261058807373 212
1695672594487 0.5342844724655151 213
1695672594528 0.4787673354148865 214
1695672594567 0.5368333458900452 215
1695672594601 0.22999989986419678 216
1695672594635 0.5364168286323547 217
1695672597628 0.5344035029411316 218
1695672597669 0.5473256707191467 219
1695672597708 0.5483136773109436 220
1695672597746 0.5544604063034058 221
1695672597784 0.5485022664070129 222
1695672597818 0.654291033744812 223
1695672597853 0.14574189484119415 224
1695672600913 0.6045020818710327 225
1695672600955 0.5936177968978882 226
1695672600997 0.5642090439796448 227
1695672601040 0.5958282947540283 228
1695672601083 0.5499393343925476 229
1695672601118 0.40583521127700806 230
1695672601152 0.24855512380599976 231
1695672604170 0.5463541746139526 232
1695672604208 0.553859293460846 233
1695672604248 0.44215965270996094 234
1695672604287 0.5517576336860657 235
1695672604327 0.5456986427307129 236
1695672604363 0.3391844630241394 237
1695672604399 0.3254450559616089 238
1695672607493 0.5820648670196533 239
1695672607531 0.5428470373153687 240
1695672607570 0.6661900281906128 241
1695672607612 0.8656009435653687 242
1695672607651 0.5438084006309509 243
1695672607685 0.5278952121734619 244
1695672607720 0.41900336742401123 245
1695672610943 0.538529098033905 246
1695672610981 0.5291492938995361 247
1695672611019 0.5921868681907654 248
1695672611058 0.20358580350875854 249
1695672611096 0.5413593053817749 250
1695672611129 0.2832282483577728 251
1695672611162 0.7043787240982056 252
1695672614191 0.5339539051055908 253
1695672614230 0.5727310180664062 254
1695672614270 0.19124799966812134 255
1695672614311 0.6267130374908447 256
1695672614351 0.5593212842941284 257
1695672614386 0.22343668341636658 258
1695672614420 0.40224361419677734 259
1695672617464 0.5746320486068726 260
1695672617503 0.39351171255111694 261
1695672617541 0.5571690797805786 262
1695672617579 0.5663756728172302 263
1695672617617 0.11454406380653381 264
1695672617651 0.538996696472168 265
1695672617686 0.5440889596939087 266
1695672620736 0.566641092300415 267
1695672620776 0.5239619612693787 268
1695672620817 0.2986014783382416 269
1695672620858 0.5444694757461548 270
1695672620899 0.49830353260040283 271
1695672620934 0.524560809135437 272
1695672620968 0.5366711020469666 273
1695672623991 0.5299544334411621 274
1695672624030 0.282898485660553 275
1695672624072 0.4213719367980957 276
1695672624113 0.5359739661216736 277
1695672624154 0.5278517603874207 278
1695672624189 0.5064882040023804 279
1695672624224 0.3944073021411896 280
1695672627286 0.6655135154724121 281
1695672627327 0.47547024488449097 282
1695672627367 0.30471256375312805 283
1695672627406 0.5533017516136169 284
1695672627446 0.6087884902954102 285
1695672627481 0.6275517344474792 286
1695672627516 0.5629772543907166 287
1695672630551 0.2679728865623474 288
1695672630590 0.6887290477752686 289
1695672630630 0.6850663423538208 290
1695672630670 0.5798346996307373 291
1695672630709 0.5421223640441895 292
1695672630743 0.5413556098937988 293
1695672630777 0.5578127503395081 294
1695672633800 0.5668299198150635 295
1695672633841 0.7541835308074951 296
1695672633881 0.5325798392295837 297
1695672633920 0.547379195690155 298
1695672633960 0.5266420245170593 299
1695672633995 0.5066419243812561 300
1695672634028 0.522377073764801 301
1695672637041 1.0106757879257202 302
1695672637081 0.5231650471687317 303
1695672637123 0.5297502875328064 304
1695672637162 0.5476875305175781 305
1695672637201 0.5242156386375427 306
1695672637235 0.36163046956062317 307
1695672637269 0.2471473664045334 308
1695672640273 0.5334975719451904 309
1695672640312 0.5301164388656616 310
1695672640352 0.5526963472366333 311
1695672640392 0.5228612422943115 312
1695672640430 0.6415936350822449 313
1695672640463 0.5121228694915771 314
1695672640496 0.5265761017799377 315
1695672643510 0.5263408422470093 316
1695672643550 0.18487271666526794 317
1695672643600 0.44503629207611084 318
1695672643644 1.1419514417648315 319
1695672643685 0.2642832398414612 320
1695672643721 0.5424109697341919 321
1695672643756 0.44979387521743774 322
1695672646810 0.5598693490028381 323
1695672646850 0.18507537245750427 324
1695672646888 0.5313884019851685 325
1695672646927 0.3524184823036194 326
1695672646966 0.6140496134757996 327
1695672647001 0.4828822612762451 328
1695672647035 0.5690652132034302 329
1695672650044 0.6971681118011475 330
1695672650083 0.5494556427001953 331
1695672650121 0.5558093786239624 332
1695672650159 0.271874338388443 333
1695672650197 0.548462986946106 334
1695672650231 0.5356137156486511 335
1695672650265 0.3386872708797455 336
1695672653267 0.5296853184700012 337
1695672653307 0.5388829708099365 338
1695672653347 0.3841972351074219 339
1695672653386 0.5463368892669678 340
1695672653425 0.4976484775543213 341
1695672653458 0.19055034220218658 342
1695672653490 0.6245399117469788 343
1695672656501 0.35262835025787354 344
1695672656541 0.12257637083530426 345
1695672656581 0.5278705358505249 346
1695672656620 0.7462874054908752 347
1695672656659 0.753113865852356 348
1695672656693 0.587512195110321 349
1695672656725 0.5459810495376587 350
