1695672500098 0.0001 1
1695672500153 0.0001 2
1695672500193 0.0001 3
1695672500232 0.0001 4
1695672500273 0.0001 5
1695672500307 0.0001 6
1695672500340 0.0001 7
1695672503324 0.0001 8
1695672503363 0.0001 9
1695672503403 0.0001 10
1695672503442 0.0001 11
1695672503481 0.0001 12
1695672503516 0.0001 13
1695672503550 0.0001 14
1695672506490 0.0001 15
1695672506531 0.0001 16
1695672506572 0.0001 17
1695672506612 0.0001 18
1695672506652 0.0001 19
1695672506687 0.0001 20
1695672506720 0.0001 21
1695672509579 0.0001 22
1695672509619 0.0001 23
1695672509657 0.0001 24
1695672509696 0.0001 25
1695672509734 0.0001 26
1695672509767 0.0001 27
1695672509800 0.0001 28
1695672512654 0.0001 29
1695672512693 0.0001 30
1695672512731 0.0001 31
1695672512767 0.0001 32
1695672512805 0.0001 33
1695672512838 0.0001 34
1695672512871 0.0001 35
1695672515708 0.0001 36
1695672515749 0.0001 37
1695672515790 0.0001 38
1695672515832 0.0001 39
1695672515873 0.0001 40
1695672515909 0.0001 41
1695672515943 0.0001 42
1695672518842 0.0001 43
1695672518881 0.0001 44
1695672518920 0.0001 45
1695672518961 0.0001 46
1695672519000 0.0001 47
1695672519034 0.0001 48
1695672519067 0.0001 49
1695672521965 0.0001 50
1695672522003 0.0001 51
1695672522042 0.0001 52
1695672522080 0.0001 53
1695672522118 0.0001 54
1695672522150 0.0001 55
1695672522184 0.0001 56
1695672525070 0.0001 57
1695672525108 0.0001 58
1695672525145 0.0001 59
1695672525183 0.0001 60
1695672525223 0.0001 61
1695672525257 0.0001 62
1695672525291 0.0001 63
1695672528210 0.0001 64
1695672528249 0.0001 65
1695672528288 0.0001 66
1695672528327 0.0001 67
1695672528366 0.0001 68
1695672528400 0.0001 69
1695672528435 0.0001 70
1695672531322 0.0001 71
1695672531360 0.0001 72
1695672531398 0.0001 73
1695672531435 0.0001 74
1695672531473 0.0001 75
1695672531507 0.0001 76
1695672531540 0.0001 77
1695672534442 0.0001 78
1695672534481 0.0001 79
1695672534520 0.0001 80
1695672534560 0.0001 81
1695672534599 0.0001 82
1695672534633 0.0001 83
1695672534668 0.0001 84
1695672537542 0.0001 85
1695672537582 0.0001 86
1695672537620 0.0001 87
1695672537658 0.0001 88
1695672537697 0.0001 89
1695672537731 0.0001 90
1695672537764 0.0001 91
1695672540648 0.0001 92
1695672540687 0.0001 93
1695672540725 0.0001 94
1695672540763 0.0001 95
1695672540801 0.0001 96
1695672540835 0.0001 97
1695672540867 0.0001 98
1695672543804 0.0001 99
1695672543843 0.0001 100
1695672543882 0.0001 101
1695672543920 0.0001 102
1695672543958 0.0001 103
1695672543992 0.0001 104
1695672544026 0.0001 105
1695672546890 0.0001 106
1695672546929 0.0001 107
1695672546967 0.0001 108
1695672547006 0.0001 109
1695672547043 0.0001 110
1695672547076 0.0001 111
1695672547109 0.0001 112
1695672549994 0.0001 113
1695672550035 0.0001 114
1695672550074 0.0001 115
1695672550113 0.0001 116
1695672550152 0.0001 117
1695672550185 0.0001 118
1695672550220 0.0001 119
1695672553201 0.0001 120
1695672553241 0.0001 121
1695672553279 0.0001 122
1695672553317 0.0001 123
1695672553355 0.0001 124
1695672553389 0.0001 125
1695672553422 0.0001 126
1695672556336 0.0001 127
1695672556375 0.0001 128
1695672556413 0.0001 129
1695672556452 0.0001 130
1695672556490 0.0001 131
1695672556524 0.0001 132
1695672556557 0.0001 133
1695672559478 0.0001 134
1695672559517 0.0001 135
1695672559557 0.0001 136
1695672559597 0.0001 137
1695672559637 0.0001 138
1695672559671 0.0001 139
1695672559705 0.0001 140
1695672562695 0.0001 141
1695672562734 0.0001 142
1695672562773 0.0001 143
1695672562810 0.0001 144
1695672562849 0.0001 145
1695672562882 0.0001 146
1695672562917 0.0001 147
1695672565817 0.0001 148
1695672565856 0.0001 149
1695672565894 0.0001 150
1695672565933 0.0001 151
1695672565971 0.0001 152
1695672566004 0.0001 153
1695672566038 0.0001 154
1695672568941 0.0001 155
1695672568981 0.0001 156
1695672569019 0.0001 157
1695672569057 0.0001 158
1695672569095 0.0001 159
1695672569128 0.0001 160
1695672569161 0.0001 161
1695672572075 0.0001 162
1695672572113 0.0001 163
1695672572152 0.0001 164
1695672572189 0.0001 165
1695672572230 0.0001 166
1695672572265 0.0001 167
1695672572300 0.0001 168
1695672575255 0.0001 169
1695672575293 0.0001 170
1695672575332 0.0001 171
1695672575371 0.0001 172
1695672575409 0.0001 173
1695672575443 0.0001 174
1695672575477 0.0001 175
1695672578437 0.0001 176
1695672578477 0.0001 177
1695672578517 0.0001 178
1695672578556 0.0001 179
1695672578595 0.0001 180
1695672578629 0.0001 181
1695672578664 0.0001 182
1695672581602 0.0001 183
1695672581646 0.0001 184
1695672581689 0.0001 185
1695672581732 0.0001 186
1695672581772 0.0001 187
1695672581807 0.0001 188
1695672581840 0.0001 189
1695672584807 0.0001 190
1695672584847 0.0001 191
1695672584886 0.0001 192
1695672584925 0.0001 193
1695672584964 0.0001 194
1695672584997 0.0001 195
1695672585030 0.0001 196
1695672587989 0.0001 197
1695672588029 0.0001 198
1695672588067 0.0001 199
1695672588105 0.0001 200
1695672588144 0.0001 201
1695672588179 0.0001 202
1695672588215 0.0001 203
1695672591192 0.0001 204
1695672591232 0.0001 205
1695672591272 0.0001 206
1695672591311 0.0001 207
1695672591349 0.0001 208
1695672591381 0.0001 209
1695672591415 0.0001 210
1695672594410 0.0001 211
1695672594449 0.0001 212
1695672594489 0.0001 213
1695672594529 0.0001 214
1695672594568 0.0001 215
1695672594602 0.0001 216
1695672594636 0.0001 217
1695672597630 0.0001 218
1695672597670 0.0001 219
1695672597709 0.0001 220
1695672597747 0.0001 221
1695672597785 0.0001 222
1695672597819 0.0001 223
1695672597854 0.0001 224
1695672600914 0.0001 225
1695672600956 0.0001 226
1695672600998 0.0001 227
1695672601042 0.0001 228
1695672601085 0.0001 229
1695672601120 0.0001 230
1695672601153 0.0001 231
1695672604171 0.0001 232
1695672604209 0.0001 233
1695672604249 0.0001 234
1695672604288 0.0001 235
1695672604329 0.0001 236
1695672604364 0.0001 237
1695672604400 0.0001 238
1695672607494 0.0001 239
1695672607532 0.0001 240
1695672607571 0.0001 241
1695672607613 0.0001 242
1695672607652 0.0001 243
1695672607686 0.0001 244
1695672607721 0.0001 245
1695672610944 0.0001 246
1695672610982 0.0001 247
1695672611020 0.0001 248
1695672611059 0.0001 249
1695672611097 0.0001 250
1695672611130 0.0001 251
1695672611163 0.0001 252
1695672614192 0.0001 253
1695672614231 0.0001 254
1695672614271 0.0001 255
1695672614312 0.0001 256
1695672614352 0.0001 257
1695672614387 0.0001 258
1695672614421 0.0001 259
1695672617465 0.0001 260
1695672617504 0.0001 261
1695672617542 0.0001 262
1695672617580 0.0001 263
1695672617618 0.0001 264
1695672617652 0.0001 265
1695672617688 0.0001 266
1695672620738 0.0001 267
1695672620777 0.0001 268
1695672620818 0.0001 269
1695672620859 0.0001 270
1695672620900 0.0001 271
1695672620935 0.0001 272
1695672620969 0.0001 273
1695672623992 0.0001 274
1695672624031 0.0001 275
1695672624073 0.0001 276
1695672624115 0.0001 277
1695672624155 0.0001 278
1695672624190 0.0001 279
1695672624225 0.0001 280
1695672627287 0.0001 281
1695672627328 0.0001 282
1695672627368 0.0001 283
1695672627407 0.0001 284
1695672627447 0.0001 285
1695672627482 0.0001 286
1695672627517 0.0001 287
1695672630552 0.0001 288
1695672630592 0.0001 289
1695672630631 0.0001 290
1695672630671 0.0001 291
1695672630710 0.0001 292
1695672630744 0.0001 293
1695672630778 0.0001 294
1695672633802 0.0001 295
1695672633843 0.0001 296
1695672633882 0.0001 297
1695672633921 0.0001 298
1695672633961 0.0001 299
1695672633996 0.0001 300
1695672634030 0.0001 301
1695672637043 0.0001 302
1695672637082 0.0001 303
1695672637125 0.0001 304
1695672637164 0.0001 305
1695672637202 0.0001 306
1695672637237 0.0001 307
1695672637270 0.0001 308
1695672640275 0.0001 309
1695672640313 0.0001 310
1695672640353 0.0001 311
1695672640393 0.0001 312
1695672640431 0.0001 313
1695672640464 0.0001 314
1695672640497 0.0001 315
1695672643511 0.0001 316
1695672643551 0.0001 317
1695672643603 0.0001 318
1695672643645 0.0001 319
1695672643687 0.0001 320
1695672643722 0.0001 321
1695672643758 0.0001 322
1695672646811 0.0001 323
1695672646851 0.0001 324
1695672646889 0.0001 325
1695672646928 0.0001 326
1695672646968 0.0001 327
1695672647002 0.0001 328
1695672647036 0.0001 329
1695672650045 0.0001 330
1695672650084 0.0001 331
1695672650122 0.0001 332
1695672650160 0.0001 333
1695672650198 0.0001 334
1695672650232 0.0001 335
1695672650266 0.0001 336
1695672653268 0.0001 337
1695672653308 0.0001 338
1695672653348 0.0001 339
1695672653387 0.0001 340
1695672653426 0.0001 341
1695672653459 0.0001 342
1695672653491 0.0001 343
1695672656502 0.0001 344
1695672656543 0.0001 345
1695672656582 0.0001 346
1695672656621 0.0001 347
1695672656660 0.0001 348
1695672656694 0.0001 349
1695672656727 0.0001 350
