1695672500342 0.1647673398256302 1
1695672503552 0.17065522074699402 2
1695672506723 0.35510796308517456 3
1695672509802 0.5210355520248413 4
1695672512873 0.2669265866279602 5
1695672515945 0.670466423034668 6
1695672519069 0.45312315225601196 7
1695672522186 0.6707875728607178 8
1695672525293 0.4293578565120697 9
1695672528437 0.31331661343574524 10
1695672531543 0.24729835987091064 11
1695672534670 0.19205275177955627 12
1695672537766 0.2546118199825287 13
1695672540869 0.736960232257843 14
1695672544028 0.5884056687355042 15
1695672547111 0.5654780864715576 16
1695672550222 0.37893375754356384 17
1695672553424 0.07659454643726349 18
1695672556560 0.5327489972114563 19
1695672559707 0.6301555037498474 20
1695672562919 0.32408586144447327 21
1695672566040 0.6190173625946045 22
1695672569163 0.661765992641449 23
1695672572302 0.3606914281845093 24
1695672575479 0.0 25
1695672578666 0.3450191915035248 26
1695672581842 0.188142791390419 27
1695672585032 0.4286433160305023 28
1695672588217 0.5300970077514648 29
1695672591417 0.33596816658973694 30
1695672594638 0.3709079325199127 31
1695672597857 0.8873058557510376 32
1695672601156 0.38234731554985046 33
1695672604402 0.48199328780174255 34
1695672607723 0.5671483874320984 35
1695672611165 0.7233377695083618 36
1695672614424 0.4567815363407135 37
1695672617690 0.870971143245697 38
1695672620971 0.3503974676132202 39
1695672624227 0.5808305740356445 40
1695672627519 0.21933843195438385 41
1695672630780 0.5575886368751526 42
1695672634032 0.06403061747550964 43
1695672637272 0.5390064716339111 44
1695672640499 0.12634766101837158 45
1695672643760 0.42598390579223633 46
1695672647038 0.47503113746643066 47
1695672650268 0.5169069766998291 48
1695672653493 0.33395910263061523 49
1695672656729 0.41420382261276245 50
