1695656193594 1.2388319969177246 1
1695656193631 1.2036516666412354 2
1695656193664 1.2315716743469238 3
1695656195119 1.2509686946868896 4
1695656195151 1.2371954917907715 5
1695656195184 1.2100508213043213 6
1695656196578 1.1189690828323364 7
1695656196614 1.250638484954834 8
1695656196647 1.2328779697418213 9
1695656198011 1.2370198965072632 10
1695656198046 1.2037382125854492 11
1695656198079 1.104098916053772 12
1695656199404 1.116262435913086 13
1695656199437 0.9872334003448486 14
1695656199468 1.2034543752670288 15
1695656200831 1.1969916820526123 16
1695656200864 1.1990267038345337 17
1695656200898 1.2200700044631958 18
1695656202227 0.929168701171875 19
1695656202261 1.1948691606521606 20
1695656202294 1.2023409605026245 21
1695656203622 1.0265640020370483 22
1695656203657 1.1540526151657104 23
1695656203690 1.207934856414795 24
1695656205111 1.2258661985397339 25
1695656205144 1.1848808526992798 26
1695656205177 1.1743193864822388 27
1695656206601 1.0324156284332275 28
1695656206636 1.1644130945205688 29
1695656206670 1.1391897201538086 30
1695656208018 0.9486699104309082 31
1695656208053 1.1595122814178467 32
1695656208086 0.9636836051940918 33
1695656209550 1.0957424640655518 34
1695656209585 1.1461355686187744 35
1695656209618 1.1859514713287354 36
1695656210970 1.1627137660980225 37
1695656211003 1.1435108184814453 38
1695656211037 1.1689860820770264 39
1695656212377 0.9519614577293396 40
1695656212411 1.0986906290054321 41
1695656212445 0.8628759384155273 42
1695656213954 0.9169754981994629 43
1695656213988 0.8871327638626099 44
1695656214020 1.1611194610595703 45
1695656215479 0.857087254524231 46
1695656215513 1.1279559135437012 47
1695656215547 1.1756367683410645 48
1695656216994 1.1293221712112427 49
1695656217028 1.16486656665802 50
1695656217063 1.1828680038452148 51
1695656218501 0.8859573602676392 52
1695656218534 1.1353659629821777 53
1695656218566 1.2015154361724854 54
1695656219994 1.1419363021850586 55
1695656220032 1.0180304050445557 56
1695656220068 0.870086669921875 57
1695656221498 1.1993088722229004 58
1695656221533 0.9576196670532227 59
1695656221566 1.2088593244552612 60
1695656223061 0.9850583672523499 61
1695656223094 1.133519172668457 62
1695656223127 1.1404176950454712 63
1695656224582 1.167690396308899 64
1695656224615 1.1461286544799805 65
1695656224648 0.8781546950340271 66
1695656226156 1.1337120532989502 67
1695656226190 1.1253986358642578 68
1695656226222 1.1495864391326904 69
1695656227657 1.005333423614502 70
1695656227691 1.1246671676635742 71
1695656227725 1.114733338356018 72
1695656229139 1.0842244625091553 73
1695656229172 1.1173123121261597 74
1695656229205 1.1122174263000488 75
1695656230662 1.1379449367523193 76
1695656230695 0.9834936857223511 77
1695656230727 1.0953733921051025 78
1695656232120 1.0947920083999634 79
1695656232152 1.1497999429702759 80
1695656232185 0.9630017280578613 81
1695656233559 0.8967825770378113 82
1695656233592 0.9114787578582764 83
1695656233624 0.9946733713150024 84
1695656235003 1.0890792608261108 85
1695656235036 1.095390796661377 86
1695656235069 0.9675681591033936 87
1695656236441 0.864289402961731 88
1695656236476 1.0272955894470215 89
1695656236509 1.1078959703445435 90
1695656237964 1.067915439605713 91
1695656237998 1.0695557594299316 92
1695656238030 1.0901386737823486 93
1695656239425 1.0904691219329834 94
1695656239459 1.0688345432281494 95
1695656239494 1.1058323383331299 96
1695656240986 1.1168873310089111 97
1695656241019 0.867121696472168 98
1695656241052 1.0993947982788086 99
1695656242522 0.923117458820343 100
1695656242555 0.9281890392303467 101
1695656242588 0.8030838966369629 102
1695656244033 0.9829733371734619 103
1695656244067 0.9256777763366699 104
1695656244107 1.0699512958526611 105
1695656245619 1.006028652191162 106
1695656245651 1.0723071098327637 107
1695656245684 0.9587535858154297 108
1695656247140 1.0947558879852295 109
1695656247173 1.0285437107086182 110
1695656247205 1.046470284461975 111
1695656248689 1.0433828830718994 112
1695656248723 0.922400951385498 113
1695656248756 1.0290263891220093 114
1695656250159 1.0525420904159546 115
1695656250191 1.0196781158447266 116
1695656250223 0.987303614616394 117
1695656251620 1.0334973335266113 118
1695656251653 1.0595664978027344 119
1695656251685 1.0144035816192627 120
1695656253124 1.0180349349975586 121
1695656253155 1.0307904481887817 122
1695656253188 0.8499287962913513 123
1695656254591 1.015891671180725 124
1695656254623 1.0341346263885498 125
1695656254655 1.0037784576416016 126
1695656256053 1.03401517868042 127
1695656256086 1.0308687686920166 128
1695656256119 0.9913040399551392 129
1695656257513 0.9937125444412231 130
1695656257547 0.8538286089897156 131
1695656257580 1.008776068687439 132
1695656258970 0.9934942722320557 133
1695656259004 0.830602765083313 134
1695656259037 1.0173356533050537 135
1695656260435 0.8376089930534363 136
1695656260471 0.8780888319015503 137
1695656260516 0.8503592610359192 138
1695656261932 1.0347951650619507 139
1695656261965 1.0323894023895264 140
1695656261999 0.990444004535675 141
1695656263497 1.0238873958587646 142
1695656263530 1.0523486137390137 143
1695656263563 1.117820382118225 144
1695656265049 0.9849673509597778 145
1695656265084 0.9458686113357544 146
1695656265116 0.9855230450630188 147
1695656266548 0.9992361068725586 148
1695656266583 0.9851843118667603 149
1695656266617 0.7706133127212524 150
