1695656193595 0.0001 1
1695656193632 0.0001 2
1695656193664 0.0001 3
1695656195120 0.0001 4
1695656195152 0.0001 5
1695656195184 0.0001 6
1695656196579 0.0001 7
1695656196615 0.0001 8
1695656196648 0.0001 9
1695656198012 0.0001 10
1695656198046 0.0001 11
1695656198080 0.0001 12
1695656199404 0.0001 13
1695656199437 0.0001 14
1695656199469 0.0001 15
1695656200832 0.0001 16
1695656200865 0.0001 17
1695656200899 0.0001 18
1695656202227 0.0001 19
1695656202262 0.0001 20
1695656202295 0.0001 21
1695656203623 0.0001 22
1695656203657 0.0001 23
1695656203691 0.0001 24
1695656205111 0.0001 25
1695656205145 0.0001 26
1695656205178 0.0001 27
1695656206602 0.0001 28
1695656206636 0.0001 29
1695656206671 0.0001 30
1695656208018 0.0001 31
1695656208054 0.0001 32
1695656208087 0.0001 33
1695656209551 0.0001 34
1695656209586 0.0001 35
1695656209619 0.0001 36
1695656210971 0.0001 37
1695656211004 0.0001 38
1695656211038 0.0001 39
1695656212378 0.0001 40
1695656212412 0.0001 41
1695656212446 0.0001 42
1695656213955 0.0001 43
1695656213988 0.0001 44
1695656214021 0.0001 45
1695656215480 0.0001 46
1695656215514 0.0001 47
1695656215548 0.0001 48
1695656216995 0.0001 49
1695656217028 0.0001 50
1695656217064 0.0001 51
1695656218502 0.0001 52
1695656218535 0.0001 53
1695656218567 0.0001 54
1695656219995 0.0001 55
1695656220033 0.0001 56
1695656220069 0.0001 57
1695656221499 0.0001 58
1695656221534 0.0001 59
1695656221567 0.0001 60
1695656223062 0.0001 61
1695656223095 0.0001 62
1695656223128 0.0001 63
1695656224583 0.0001 64
1695656224616 0.0001 65
1695656224649 0.0001 66
1695656226157 0.0001 67
1695656226191 0.0001 68
1695656226223 0.0001 69
1695656227658 0.0001 70
1695656227692 0.0001 71
1695656227726 0.0001 72
1695656229139 0.0001 73
1695656229173 0.0001 74
1695656229205 0.0001 75
1695656230662 0.0001 76
1695656230696 0.0001 77
1695656230728 0.0001 78
1695656232120 0.0001 79
1695656232153 0.0001 80
1695656232186 0.0001 81
1695656233560 0.0001 82
1695656233593 0.0001 83
1695656233625 0.0001 84
1695656235003 0.0001 85
1695656235037 0.0001 86
1695656235070 0.0001 87
1695656236442 0.0001 88
1695656236476 0.0001 89
1695656236510 0.0001 90
1695656237965 0.0001 91
1695656237999 0.0001 92
1695656238031 0.0001 93
1695656239426 0.0001 94
1695656239460 0.0001 95
1695656239495 0.0001 96
1695656240986 0.0001 97
1695656241020 0.0001 98
1695656241053 0.0001 99
1695656242523 0.0001 100
1695656242556 0.0001 101
1695656242589 0.0001 102
1695656244034 0.0001 103
1695656244068 0.0001 104
1695656244109 0.0001 105
1695656245619 0.0001 106
1695656245652 0.0001 107
1695656245684 0.0001 108
1695656247141 0.0001 109
1695656247173 0.0001 110
1695656247205 0.0001 111
1695656248690 0.0001 112
1695656248724 0.0001 113
1695656248757 0.0001 114
1695656250160 0.0001 115
1695656250192 0.0001 116
1695656250224 0.0001 117
1695656251621 0.0001 118
1695656251654 0.0001 119
1695656251686 0.0001 120
1695656253124 0.0001 121
1695656253156 0.0001 122
1695656253188 0.0001 123
1695656254591 0.0001 124
1695656254624 0.0001 125
1695656254656 0.0001 126
1695656256053 0.0001 127
1695656256086 0.0001 128
1695656256119 0.0001 129
1695656257514 0.0001 130
1695656257548 0.0001 131
1695656257581 0.0001 132
1695656258971 0.0001 133
1695656259005 0.0001 134
1695656259038 0.0001 135
1695656260436 0.0001 136
1695656260473 0.0001 137
1695656260517 0.0001 138
1695656261933 0.0001 139
1695656261966 0.0001 140
1695656261999 0.0001 141
1695656263498 0.0001 142
1695656263531 0.0001 143
1695656263564 0.0001 144
1695656265050 0.0001 145
1695656265084 0.0001 146
1695656265116 0.0001 147
1695656266549 0.0001 148
1695656266584 0.0001 149
1695656266618 0.0001 150
