1695656193666 0.027917470782995224 1
1695656195186 0.0434318482875824 2
1695656196650 0.15630792081356049 3
1695656198082 0.09804350882768631 4
1695656199471 0.28696346282958984 5
1695656200900 0.0 6
1695656202296 0.2622491121292114 7
1695656203693 0.10782534629106522 8
1695656205180 0.00610619829967618 9
1695656206672 0.1475839465856552 10
1695656208089 0.2991692125797272 11
1695656209621 0.0870497077703476 12
1695656211040 0.012835919857025146 13
1695656212448 0.3421168029308319 14
1695656214023 0.5945327877998352 15
1695656215549 0.3888060450553894 16
1695656217065 0.030839599668979645 17
1695656218568 0.25175344944000244 18
1695656220071 0.25987890362739563 19
1695656221568 0.1915205717086792 20
1695656223130 0.28605759143829346 21
1695656224651 0.6155647039413452 22
1695656226225 0.0013466867385432124 23
1695656227728 0.09552659839391708 24
1695656229207 0.04767608270049095 25
1695656230729 0.22414648532867432 26
1695656232188 0.6048470139503479 27
1695656233626 0.33888450264930725 28
1695656235072 0.11547879129648209 29
1695656236512 0.3781154453754425 30
1695656238033 0.0 31
1695656239497 0.009743320755660534 32
1695656241055 0.47091951966285706 33
1695656242590 0.4645117223262787 34
1695656244112 0.18327860534191132 35
1695656245686 0.15311028063297272 36
1695656247207 0.04022064432501793 37
1695656248758 0.12753555178642273 38
1695656250226 0.10507832467556 39
1695656251688 0.014776401221752167 40
1695656253190 0.3760718107223511 41
1695656254657 0.02519567869603634 42
1695656256121 0.06672466546297073 43
1695656257583 0.13046948611736298 44
1695656259039 0.24207371473312378 45
1695656260520 0.31081971526145935 46
1695656262001 0.06634069234132767 47
1695656263565 0.05382223427295685 48
1695656265118 0.0586615614593029 49
1695656266619 0.2343035489320755 50
