1696444352825 1.2463985681533813 1
1696444352889 0.23402272164821625 2
1696444352948 0.12666738033294678 3
1696444353006 0.08503076434135437 4
1696444353063 0.5270115733146667 5
1696444353119 0.5357049703598022 6
1696444353176 0.5062991976737976 7
1696444353232 0.5091175436973572 8
1696444353289 0.5050390958786011 9
1696444353346 0.41477158665657043 10
1696444353404 0.39082103967666626 11
1696444353460 0.5058982372283936 12
1696444353518 0.5059154629707336 13
1696444353574 0.5977204442024231 14
1696444353632 0.2565287947654724 15
1696444353691 0.5415225028991699 16
1696444353749 0.11213367432355881 17
1696444353806 1.1070888042449951 18
1696444353863 0.5046769976615906 19
1696444353919 0.39544105529785156 20
1696444353976 0.5100528001785278 21
1696444354034 0.0892181396484375 22
1696444354087 0.2980925440788269 23
1696444354139 0.32594406604766846 24
1696444360195 0.2159821093082428 25
1696444360253 0.5106852054595947 26
1696444360310 0.5219871401786804 27
1696444360368 0.20815853774547577 28
1696444360427 0.5144124627113342 29
1696444360486 0.3164958357810974 30
1696444360544 0.12266343832015991 31
1696444360607 0.6070474982261658 32
1696444360667 0.5132082104682922 33
1696444360727 0.24849508702754974 34
1696444360788 0.28103694319725037 35
1696444360848 0.5722866058349609 36
1696444360908 0.5112026929855347 37
1696444360969 0.35205575823783875 38
1696444361029 0.23013554513454437 39
1696444361089 0.5058971047401428 40
1696444361150 0.15391284227371216 41
1696444361209 0.5486229062080383 42
1696444361268 0.5078355073928833 43
1696444361329 0.6114923357963562 44
1696444361389 0.33348962664604187 45
1696444361448 0.5064741373062134 46
1696444361502 0.3558327555656433 47
1696444361556 1.128884196281433 48
1696444367532 0.22958238422870636 49
1696444367589 0.5258060693740845 50
1696444367646 0.2822190821170807 51
1696444367704 0.5051414966583252 52
1696444367761 0.5042609572410583 53
1696444367820 0.5050638914108276 54
1696444367878 0.2789647579193115 55
1696444367936 0.21644335985183716 56
1696444367994 0.1822296380996704 57
1696444368051 0.2120000720024109 58
1696444368108 0.5115631818771362 59
1696444368165 0.1935492902994156 60
1696444368223 0.5388470888137817 61
1696444368281 0.5067051649093628 62
1696444368338 0.5063357949256897 63
1696444368399 0.5145224332809448 64
1696444368458 0.5125421285629272 65
1696444368516 0.16278524696826935 66
1696444368573 0.5136944055557251 67
1696444368631 0.090841144323349 68
1696444368689 0.5699610710144043 69
1696444368747 0.18596504628658295 70
1696444368802 0.5131334066390991 71
1696444368855 0.18016479909420013 72
1696444374721 0.192517951130867 73
1696444374778 0.5228615403175354 74
1696444374837 0.1398129165172577 75
1696444374895 0.5101506114006042 76
1696444374953 0.36440035700798035 77
1696444375011 0.1056012362241745 78
1696444375070 0.20379133522510529 79
1696444375128 0.8663682341575623 80
1696444375186 0.14088506996631622 81
1696444375244 0.5395129323005676 82
1696444375302 0.5081102848052979 83
1696444375361 0.249883234500885 84
1696444375419 0.530464768409729 85
1696444375477 0.30560943484306335 86
1696444375535 0.34177106618881226 87
1696444375592 0.2437727451324463 88
1696444375648 0.5047087073326111 89
1696444375704 0.5049608945846558 90
1696444375762 0.5041267275810242 91
1696444375820 0.5061823725700378 92
1696444375877 0.5103268623352051 93
1696444375935 0.5119472146034241 94
1696444375987 0.523684024810791 95
1696444376040 0.12649297714233398 96
1696444381818 0.5102942585945129 97
1696444381876 0.15991127490997314 98
1696444381933 0.5432043075561523 99
1696444381990 0.0613693967461586 100
1696444382047 0.6315538287162781 101
1696444382104 0.5262174010276794 102
1696444382162 0.5149514675140381 103
1696444382222 0.2334797978401184 104
1696444382281 0.12766024470329285 105
1696444382339 0.5038076043128967 106
1696444382397 0.5062718391418457 107
1696444382454 0.45912477374076843 108
1696444382511 0.5068268775939941 109
1696444382569 0.18644285202026367 110
1696444382626 0.5059531331062317 111
1696444382684 0.1905718743801117 112
1696444382742 0.25759270787239075 113
1696444382800 0.207243412733078 114
1696444382859 0.489604651927948 115
1696444382915 0.5125590562820435 116
1696444382972 0.42768558859825134 117
1696444383028 0.5704635381698608 118
1696444383081 0.15807993710041046 119
1696444383136 0.22443653643131256 120
1696444389024 0.5101397037506104 121
1696444389083 0.47768163681030273 122
1696444389141 0.5187177658081055 123
1696444389198 0.5083118677139282 124
1696444389258 0.5301497578620911 125
1696444389317 0.14396029710769653 126
1696444389375 0.5124993324279785 127
1696444389433 0.5094004273414612 128
1696444389492 0.43401843309402466 129
1696444389549 0.516887903213501 130
1696444389607 0.34201133251190186 131
1696444389664 0.6708248853683472 132
1696444389720 0.42984023690223694 133
1696444389778 0.1539381891489029 134
1696444389835 0.5345296859741211 135
1696444389891 0.5121053457260132 136
1696444389948 0.1758684515953064 137
1696444390005 0.11618509888648987 138
1696444390062 0.5093157291412354 139
1696444390119 0.049500301480293274 140
1696444390178 0.5053786635398865 141
1696444390236 0.1502208411693573 142
1696444390293 0.5076954960823059 143
1696444390345 0.5083445906639099 144
1696444396090 0.28476202487945557 145
1696444396147 0.18393325805664062 146
1696444396203 0.5071757435798645 147
1696444396260 0.5057148933410645 148
1696444396317 0.5048600435256958 149
1696444396375 0.5045084953308105 150
1696444396432 0.5038601756095886 151
1696444396490 0.505214512348175 152
1696444396547 0.5060838460922241 153
1696444396605 0.19902756810188293 154
1696444396662 0.2429245561361313 155
1696444396719 0.5247626900672913 156
1696444396776 0.5080267786979675 157
1696444396836 0.17592692375183105 158
1696444396894 0.38777875900268555 159
1696444396952 0.4623897671699524 160
1696444397010 0.3046700358390808 161
1696444397067 0.2413949966430664 162
1696444397125 0.4315589368343353 163
1696444397184 0.4045899212360382 164
1696444397241 0.5072585940361023 165
1696444397299 0.12201236188411713 166
1696444397351 0.5114310383796692 167
1696444397405 0.1528010070323944 168
1696444403232 0.5405392050743103 169
1696444403290 0.1864900141954422 170
1696444403346 0.5051736235618591 171
1696444403402 0.5099654793739319 172
1696444403460 0.1265764981508255 173
1696444403518 0.09924528002738953 174
1696444403575 0.5080481171607971 175
1696444403633 0.21614381670951843 176
1696444403692 0.5262157320976257 177
1696444403749 0.07426543533802032 178
1696444403807 0.5080429911613464 179
1696444403864 0.5062777996063232 180
1696444403920 0.5137932896614075 181
1696444403976 0.5081535577774048 182
1696444404034 0.2693772614002228 183
1696444404092 0.5049326419830322 184
1696444404149 0.3993874192237854 185
1696444404208 0.4427555203437805 186
1696444404264 0.5101013779640198 187
1696444404322 0.20379538834095 188
1696444404378 0.5040239691734314 189
1696444404435 0.16221630573272705 190
1696444404488 0.5102845430374146 191
1696444404540 0.5264378190040588 192
1696444410315 0.20358633995056152 193
1696444410376 0.9665474891662598 194
1696444410434 0.8114103078842163 195
1696444410493 0.49896499514579773 196
1696444410553 0.5065834522247314 197
1696444410611 0.5145371556282043 198
1696444410668 0.4139835834503174 199
1696444410725 0.5084120631217957 200
1696444410784 0.5076209306716919 201
1696444410841 0.1334608644247055 202
1696444410900 0.5063600540161133 203
1696444410960 0.51065593957901 204
1696444411020 0.38425078988075256 205
1696444411080 0.7631815075874329 206
1696444411140 0.08729121088981628 207
1696444411199 0.24311110377311707 208
1696444411259 0.4346465468406677 209
1696444411320 0.44921794533729553 210
1696444411381 0.3956639766693115 211
1696444411440 0.5377902984619141 212
1696444411502 0.13079982995986938 213
1696444411563 0.2682816982269287 214
1696444411615 0.5061690211296082 215
1696444411668 0.23797526955604553 216
1696444417489 0.356500506401062 217
1696444417546 0.19338347017765045 218
1696444417604 0.32118362188339233 219
1696444417661 0.33036938309669495 220
1696444417718 0.513447642326355 221
1696444417779 0.4919489920139313 222
1696444417836 0.21548622846603394 223
1696444417897 0.4154801368713379 224
1696444417956 0.5057880282402039 225
1696444418013 0.5121800899505615 226
1696444418069 0.5119507908821106 227
1696444418126 0.1025979220867157 228
1696444418182 0.5142788290977478 229
1696444418238 0.530453085899353 230
1696444418295 0.5198785662651062 231
1696444418350 0.5854459404945374 232
1696444418407 0.5294485092163086 233
1696444418465 0.5177798867225647 234
1696444418521 0.529465913772583 235
1696444418578 0.1918666958808899 236
1696444418636 0.5071195363998413 237
1696444418693 0.5116422772407532 238
1696444418746 0.37670740485191345 239
1696444418800 0.5066127181053162 240
1696444424535 0.5308043956756592 241
1696444424593 0.5058252811431885 242
1696444424650 0.26273077726364136 243
1696444424708 0.512954592704773 244
1696444424766 0.5439360737800598 245
1696444424823 0.5367122888565063 246
1696444424880 0.08596113324165344 247
1696444424936 0.5052621960639954 248
1696444424993 0.3608954846858978 249
1696444425050 0.24140116572380066 250
1696444425105 1.7512999773025513 251
1696444425162 0.5165758728981018 252
1696444425218 0.4895339906215668 253
1696444425277 0.5070790648460388 254
1696444425334 0.4583895206451416 255
1696444425391 0.13021907210350037 256
1696444425448 0.13419204950332642 257
1696444425507 0.4746643006801605 258
1696444425566 0.5046436190605164 259
1696444425624 0.22871841490268707 260
1696444425681 0.5044371485710144 261
1696444425739 0.14047861099243164 262
1696444425792 0.06820627301931381 263
1696444425844 0.5044179558753967 264
1696444431709 0.29548102617263794 265
1696444431765 0.24556118249893188 266
1696444431822 0.3936986029148102 267
1696444431878 0.5044516921043396 268
1696444431934 0.5043959617614746 269
1696444431991 0.20735952258110046 270
1696444432047 0.5056226253509521 271
1696444432104 1.1636713743209839 272
1696444432161 0.5078853368759155 273
1696444432218 0.5073078870773315 274
1696444432276 0.23602914810180664 275
1696444432332 0.5151691436767578 276
1696444432390 0.5060343146324158 277
1696444432448 0.5055327415466309 278
1696444432505 0.5061491131782532 279
1696444432564 0.5257605910301208 280
1696444432622 0.5101363062858582 281
1696444432680 0.1419934630393982 282
1696444432739 0.2448924332857132 283
1696444432797 0.4844996929168701 284
1696444432854 0.5042516589164734 285
1696444432911 0.5063025951385498 286
1696444432964 0.5781001448631287 287
1696444433017 0.17125952243804932 288
1696444438864 0.5049208402633667 289
1696444438921 0.5072387456893921 290
1696444438978 0.5197633504867554 291
1696444439034 0.5356989502906799 292
1696444439090 0.504433810710907 293
1696444439146 0.5066874623298645 294
1696444439204 0.5057421922683716 295
1696444439261 0.15158942341804504 296
1696444439318 0.4451383352279663 297
1696444439374 0.5065279006958008 298
1696444439432 0.39632555842399597 299
1696444439490 0.3041225075721741 300
1696444439547 0.23273934423923492 301
1696444439604 0.13069933652877808 302
1696444439661 0.5056865215301514 303
1696444439720 0.207206591963768 304
1696444439777 0.5042033791542053 305
1696444439833 0.5226891040802002 306
1696444439890 0.2728336453437805 307
1696444439947 0.4194883704185486 308
1696444440003 0.5046928524971008 309
1696444440061 0.5244296193122864 310
1696444440115 0.2324843853712082 311
1696444440167 0.5084607005119324 312
1696444445992 0.5089210271835327 313
1696444446049 0.5211994051933289 314
1696444446107 0.16844545304775238 315
1696444446165 0.20960019528865814 316
1696444446221 0.5065925121307373 317
1696444446279 0.34220921993255615 318
1696444446336 0.5067186951637268 319
1696444446393 0.5057717561721802 320
1696444446450 0.5053660869598389 321
1696444446506 0.07625068724155426 322
1696444446563 0.5292155146598816 323
1696444446620 0.5158097147941589 324
1696444446678 0.5047314167022705 325
1696444446736 0.5322622060775757 326
1696444446792 0.5074801445007324 327
1696444446849 0.11454358696937561 328
1696444446905 0.2940274178981781 329
1696444446961 0.5040385127067566 330
1696444447019 0.15727387368679047 331
1696444447077 0.2590395212173462 332
1696444447134 0.506573498249054 333
1696444447191 0.3035580813884735 334
1696444447243 0.5242194533348083 335
1696444447295 0.1567312330007553 336
1696444453227 0.3027317225933075 337
1696444453286 0.17811712622642517 338
1696444453344 0.26666387915611267 339
1696444453401 0.5046764016151428 340
1696444453458 0.5045592188835144 341
1696444453518 0.5054892301559448 342
1696444453576 0.5044371485710144 343
1696444453634 0.16386595368385315 344
1696444453692 0.5057610273361206 345
1696444453756 0.17609892785549164 346
1696444453817 0.1692928671836853 347
1696444453878 0.49751541018486023 348
1696444453939 0.43069735169410706 349
1696444453999 0.5056441426277161 350
1696444454059 0.7253477573394775 351
1696444454119 0.5065568089485168 352
1696444454179 0.5060867071151733 353
1696444454239 0.15755081176757812 354
1696444454300 0.4800453782081604 355
1696444454358 0.5039867758750916 356
1696444454418 0.5736346244812012 357
1696444454477 0.505691409111023 358
1696444454531 0.11072742193937302 359
1696444454587 0.5050172805786133 360
1696444460453 0.16395558416843414 361
1696444460510 0.5053115487098694 362
1696444460567 0.5092090368270874 363
1696444460625 0.4196048676967621 364
1696444460681 0.08944854140281677 365
1696444460738 0.18239599466323853 366
1696444460795 0.5038509368896484 367
1696444460852 0.38187211751937866 368
1696444460908 0.5168788433074951 369
1696444460966 0.5065287351608276 370
1696444461025 0.5124426484107971 371
1696444461084 0.1549111157655716 372
1696444461141 0.5041211247444153 373
1696444461198 0.5041391253471375 374
1696444461255 0.508167028427124 375
1696444461315 0.518680989742279 376
1696444461375 0.2194586843252182 377
1696444461435 0.4129394292831421 378
1696444461493 0.5073503851890564 379
1696444461551 0.35670584440231323 380
1696444461608 0.5089208483695984 381
1696444461669 0.12491513043642044 382
1696444461723 0.5066311359405518 383
1696444461775 0.5248992443084717 384
1696444467578 0.1013631522655487 385
1696444467636 0.45825597643852234 386
1696444467693 0.5310139656066895 387
1696444467750 0.5051829814910889 388
1696444467808 0.12437058985233307 389
1696444467865 0.12723194062709808 390
1696444467922 0.5126601457595825 391
1696444467978 0.2503480017185211 392
1696444468035 0.5059139132499695 393
1696444468093 0.3011102080345154 394
1696444468151 0.5059247016906738 395
1696444468207 0.504585325717926 396
1696444468265 0.1214003637433052 397
1696444468322 0.16235271096229553 398
1696444468379 0.5060338973999023 399
1696444468436 0.5137237310409546 400
1696444468494 0.3677130937576294 401
1696444468551 0.15850961208343506 402
1696444468608 0.5170175433158875 403
1696444468667 0.09488661587238312 404
1696444468730 1.6243572235107422 405
1696444468791 0.36267298460006714 406
1696444468844 0.18809345364570618 407
1696444468897 0.45926594734191895 408
1696444474685 0.2401369959115982 409
1696444474743 0.518532395362854 410
1696444474800 0.32252728939056396 411
1696444474856 0.511610209941864 412
1696444474912 0.6337763071060181 413
1696444474969 0.5082102417945862 414
1696444475026 0.1835014522075653 415
1696444475083 0.15456202626228333 416
1696444475140 0.3432021737098694 417
1696444475196 0.5071741938591003 418
1696444475254 0.5097674131393433 419
1696444475311 0.5377956628799438 420
1696444475370 0.21911029517650604 421
1696444475427 0.5042477250099182 422
1696444475487 0.09439021348953247 423
1696444475544 0.639446496963501 424
1696444475602 0.11469776183366776 425
1696444475658 0.5054870247840881 426
1696444475716 0.5035436153411865 427
1696444475775 0.5054221749305725 428
1696444475832 0.5039699673652649 429
1696444475890 0.17416919767856598 430
1696444475943 0.5606924295425415 431
1696444475995 0.12069620192050934 432
1696444481843 0.5031775832176208 433
1696444481902 0.1301727592945099 434
1696444481960 0.5050203204154968 435
1696444482019 0.4558459520339966 436
1696444482076 0.5040262937545776 437
1696444482134 0.5587489604949951 438
1696444482192 0.19921517372131348 439
1696444482251 0.27301037311553955 440
1696444482309 0.5039570331573486 441
1696444482368 0.5087091326713562 442
1696444482427 0.5046138167381287 443
1696444482486 0.15599828958511353 444
1696444482544 0.5038366913795471 445
1696444482604 0.5047944188117981 446
1696444482666 0.3772304654121399 447
1696444482728 0.27282655239105225 448
1696444482786 0.2985612154006958 449
1696444482844 0.29950129985809326 450
1696444482902 0.16505251824855804 451
1696444482960 0.4870453178882599 452
1696444483017 0.09155437350273132 453
1696444483075 0.08453354239463806 454
1696444483128 0.2755300998687744 455
1696444483181 0.25748613476753235 456
1696444488974 0.1297389268875122 457
1696444489031 0.5090852379798889 458
1696444489089 0.23354405164718628 459
1696444489147 0.22747059166431427 460
1696444489206 0.39424920082092285 461
1696444489264 0.07345692068338394 462
1696444489321 0.5281740427017212 463
1696444489379 0.5091966986656189 464
1696444489437 0.5070593953132629 465
1696444489494 0.2805487811565399 466
1696444489552 0.528140664100647 467
1696444489610 0.21653613448143005 468
1696444489670 0.3084636330604553 469
1696444489729 0.11767955869436264 470
1696444489786 0.5072661638259888 471
1696444489844 0.11356274783611298 472
1696444489901 0.33215734362602234 473
1696444489958 0.20469215512275696 474
1696444490016 0.3993939459323883 475
1696444490075 0.23614275455474854 476
1696444490133 0.18958081305027008 477
1696444490191 0.510402500629425 478
1696444490245 0.1555781364440918 479
1696444490298 0.5367698073387146 480
1696444496157 0.49603569507598877 481
1696444496213 0.5067741870880127 482
1696444496270 0.5047082304954529 483
1696444496327 0.20257684588432312 484
1696444496385 0.5093975067138672 485
1696444496443 0.062352631241083145 486
1696444496501 0.7242305874824524 487
1696444496558 0.5057927966117859 488
1696444496616 0.5099083185195923 489
1696444496673 0.2491200566291809 490
1696444496734 0.5072313547134399 491
1696444496793 0.4001125693321228 492
1696444496851 0.1535969376564026 493
1696444496908 0.18089152872562408 494
1696444496964 0.5177892446517944 495
1696444497023 0.2979852855205536 496
1696444497080 0.37618499994277954 497
1696444497137 0.1957015097141266 498
1696444497194 0.5111125707626343 499
1696444497251 0.15601292252540588 500
1696444497308 0.4030749499797821 501
1696444497364 0.5084519982337952 502
1696444497417 0.5099136829376221 503
1696444497470 0.33385390043258667 504
1696444503246 0.13271069526672363 505
1696444503303 0.5079323649406433 506
1696444503361 0.39063701033592224 507
1696444503420 0.8716061115264893 508
1696444503478 0.5849570035934448 509
1696444503535 0.5268582701683044 510
1696444503595 0.5064906477928162 511
1696444503653 0.47472119331359863 512
1696444503712 0.5140105485916138 513
1696444503771 0.5164976716041565 514
1696444503829 0.5674203038215637 515
1696444503888 0.1906670778989792 516
1696444503945 0.5537500381469727 517
1696444504003 0.5162556171417236 518
1696444504061 0.779483437538147 519
1696444504120 0.5109290480613708 520
1696444504179 0.10349361598491669 521
1696444504237 1.4032809734344482 522
1696444504295 0.5542829036712646 523
1696444504352 0.5197215676307678 524
1696444504410 0.2123892903327942 525
1696444504468 1.4680535793304443 526
1696444504521 0.5158692002296448 527
1696444504573 0.5122857689857483 528
1696444510330 0.50401371717453 529
1696444510387 0.37263843417167664 530
1696444510445 0.5202828645706177 531
1696444510501 0.5090831518173218 532
1696444510559 0.5040402412414551 533
1696444510617 0.17964619398117065 534
1696444510675 0.5062994360923767 535
1696444510732 0.5139651894569397 536
1696444510790 0.5073037147521973 537
1696444510846 0.5084214806556702 538
1696444510903 1.053431510925293 539
1696444510959 0.135523721575737 540
1696444511017 0.5054947137832642 541
1696444511074 0.3836681544780731 542
1696444511132 0.8672000765800476 543
1696444511188 0.4461768567562103 544
1696444511245 0.5201904773712158 545
1696444511301 0.5164292454719543 546
1696444511359 0.5361984968185425 547
1696444511416 0.5085165500640869 548
1696444511474 0.4591674208641052 549
1696444511531 0.41228604316711426 550
1696444511584 0.34405049681663513 551
1696444511636 0.5383658409118652 552
1696444517539 0.5392356514930725 553
1696444517597 0.6189156770706177 554
1696444517654 0.5284485816955566 555
1696444517711 0.5284676551818848 556
1696444517767 0.5178491473197937 557
1696444517825 0.2796744704246521 558
1696444517881 1.0426232814788818 559
1696444517938 0.5419039726257324 560
1696444517994 0.5258248448371887 561
1696444518050 0.513931393623352 562
1696444518107 0.5085306763648987 563
1696444518163 0.5040609836578369 564
1696444518220 0.507213294506073 565
1696444518279 0.34218519926071167 566
1696444518337 0.5553032755851746 567
1696444518396 0.19884783029556274 568
1696444518454 0.5248097777366638 569
1696444518512 0.40947425365448 570
1696444518570 0.25369367003440857 571
1696444518627 0.51052325963974 572
1696444518684 0.20153860747814178 573
1696444518741 0.5047593116760254 574
1696444518793 0.5072441101074219 575
1696444518845 0.06100202724337578 576
1696444524681 0.22835026681423187 577
1696444524738 0.5076781511306763 578
1696444524795 0.10556493699550629 579
1696444524852 0.09135322272777557 580
1696444524909 0.5082229375839233 581
1696444524965 1.0238946676254272 582
1696444525023 0.18804475665092468 583
1696444525079 0.5090740919113159 584
1696444525136 0.286854088306427 585
1696444525193 0.5228896141052246 586
1696444525250 0.4361271858215332 587
1696444525307 0.4960483908653259 588
1696444525364 0.2535286247730255 589
1696444525421 0.3853967785835266 590
1696444525479 0.5269383192062378 591
1696444525535 0.5348209738731384 592
1696444525594 0.5378042459487915 593
1696444525651 0.8100982904434204 594
1696444525709 0.5417869091033936 595
1696444525766 0.5105072855949402 596
1696444525827 0.4499113857746124 597
1696444525883 0.7301137447357178 598
1696444525936 0.5605611801147461 599
1696444525987 0.5036741495132446 600
1696444531839 0.21534986793994904 601
1696444531896 0.5087906718254089 602
1696444531954 0.3741879463195801 603
1696444532012 0.5087167620658875 604
1696444532069 0.23049882054328918 605
1696444532127 0.13480758666992188 606
1696444532185 0.5049986243247986 607
1696444532242 0.5044732093811035 608
1696444532301 0.42068782448768616 609
1696444532358 0.5086603164672852 610
1696444532415 0.37451598048210144 611
1696444532474 0.3533308804035187 612
1696444532533 0.2704099714756012 613
1696444532591 0.26560908555984497 614
1696444532650 0.5066783428192139 615
1696444532708 0.4607621431350708 616
1696444532766 0.28822335600852966 617
1696444532824 0.12872600555419922 618
1696444532881 0.28654295206069946 619
1696444532939 0.2093273401260376 620
1696444532996 0.5070139765739441 621
1696444533054 0.13073575496673584 622
1696444533107 0.1627754271030426 623
1696444533160 0.6262449026107788 624
1696444538935 0.27373194694519043 625
1696444538993 0.19424568116664886 626
1696444539050 0.32602977752685547 627
1696444539108 0.08768752217292786 628
1696444539166 0.17758943140506744 629
1696444539222 0.07240547984838486 630
1696444539280 0.5037288665771484 631
1696444539336 0.13298574090003967 632
1696444539393 0.5108031630516052 633
1696444539449 0.5181505680084229 634
1696444539508 0.1687418520450592 635
1696444539566 0.8478024005889893 636
1696444539624 0.5222328305244446 637
1696444539683 0.10183367133140564 638
1696444539740 0.19050586223602295 639
1696444539796 0.5040480494499207 640
1696444539853 0.29146695137023926 641
1696444539909 0.5064716935157776 642
1696444539966 0.5071848630905151 643
1696444540022 0.5109281539916992 644
1696444540078 0.5074714422225952 645
1696444540139 0.16434121131896973 646
1696444540191 0.5046738386154175 647
1696444540244 0.2198420912027359 648
1696444546045 0.506994366645813 649
1696444546102 0.5313824415206909 650
1696444546159 0.2871246039867401 651
1696444546215 0.5324365496635437 652
1696444546272 0.1810501664876938 653
1696444546329 0.28867340087890625 654
1696444546387 0.08657588809728622 655
1696444546446 0.2165812849998474 656
1696444546503 0.15191158652305603 657
1696444546561 0.1961088925600052 658
1696444546618 0.5116865038871765 659
1696444546675 0.5162875652313232 660
1696444546732 0.22010305523872375 661
1696444546789 0.509278416633606 662
1696444546847 0.5010734796524048 663
1696444546904 0.5046539306640625 664
1696444546960 0.2029208242893219 665
1696444547016 0.5392733812332153 666
1696444547072 0.5388606786727905 667
1696444547130 0.26281705498695374 668
1696444547187 0.5047093033790588 669
1696444547245 0.15069636702537537 670
1696444547298 0.5064201951026917 671
1696444547350 0.2596780061721802 672
1696444553199 0.3523694574832916 673
1696444553256 0.13394832611083984 674
1696444553313 0.31646475195884705 675
1696444553371 0.14921683073043823 676
1696444553428 0.4192674458026886 677
1696444553486 0.18905846774578094 678
1696444553547 0.24428457021713257 679
1696444553606 0.5041851997375488 680
1696444553664 0.5049570202827454 681
1696444553723 0.5059225559234619 682
1696444553781 0.28406625986099243 683
1696444553846 0.13727685809135437 684
1696444553908 2.1448793411254883 685
1696444553965 0.5050849914550781 686
1696444554022 0.11179586499929428 687
1696444554078 0.508408784866333 688
1696444554136 0.5091111660003662 689
1696444554193 0.25220388174057007 690
1696444554249 0.5081393122673035 691
1696444554306 0.43556201457977295 692
1696444554364 0.38339629769325256 693
1696444554421 0.40868669748306274 694
1696444554475 0.12542718648910522 695
1696444554527 0.09495559334754944 696
1696444560387 0.37228596210479736 697
1696444560446 0.33392783999443054 698
1696444560505 0.23755961656570435 699
1696444560563 0.5060745477676392 700
1696444560620 0.5162258148193359 701
1696444560678 0.12987788021564484 702
1696444560736 0.5882717370986938 703
1696444560794 0.2772669792175293 704
1696444560851 0.12582500278949738 705
1696444560908 0.5053576827049255 706
1696444560966 0.46997588872909546 707
1696444561023 0.3026506304740906 708
1696444561081 0.7960488796234131 709
1696444561139 0.11757299304008484 710
1696444561200 0.5053791403770447 711
1696444561257 0.1434122920036316 712
1696444561317 0.1889730989933014 713
1696444561375 0.10604918003082275 714
1696444561432 0.1269068866968155 715
1696444561488 0.5148614048957825 716
1696444561546 0.43547266721725464 717
1696444561604 0.16932278871536255 718
1696444561658 0.2862180173397064 719
1696444561710 0.11228371411561966 720
1696444567552 0.5075192451477051 721
1696444567609 0.472322016954422 722
1696444567667 0.14819824695587158 723
1696444567724 0.29765528440475464 724
1696444567781 0.21326199173927307 725
1696444567837 0.5040896534919739 726
1696444567894 0.4793895483016968 727
1696444567950 0.5173912644386292 728
1696444568006 0.5084797143936157 729
1696444568063 0.16564278304576874 730
1696444568121 0.45776450634002686 731
1696444568180 2.3003571033477783 732
1696444568237 0.5084434151649475 733
1696444568295 0.33562198281288147 734
1696444568353 0.14169609546661377 735
1696444568411 0.5041854977607727 736
1696444568468 0.5770185589790344 737
1696444568524 0.508436918258667 738
1696444568582 0.12290429323911667 739
1696444568640 0.5084818601608276 740
1696444568697 0.16313332319259644 741
1696444568754 0.1971026062965393 742
1696444568806 0.5056635141372681 743
1696444568858 0.5049548149108887 744
1696444574705 0.5072703957557678 745
1696444574761 0.5407873392105103 746
1696444574818 0.5058106780052185 747
1696444574875 0.2641187906265259 748
1696444574932 0.08531028032302856 749
1696444574990 0.12090137600898743 750
1696444575048 0.5088494420051575 751
1696444575107 0.3139110803604126 752
1696444575166 0.3827483057975769 753
1696444575222 0.5706551671028137 754
1696444575280 0.17209196090698242 755
1696444575338 0.25496330857276917 756
1696444575395 0.5093103647232056 757
1696444575452 0.3860970139503479 758
1696444575509 0.5113124251365662 759
1696444575566 0.5066042542457581 760
1696444575623 0.5079660415649414 761
1696444575680 0.5056265592575073 762
1696444575738 0.5072246193885803 763
1696444575797 0.0825478732585907 764
1696444575855 0.2142248898744583 765
1696444575912 0.19430914521217346 766
1696444575964 0.1662413775920868 767
1696444576017 0.5093047022819519 768
1696444581790 0.47087758779525757 769
1696444581847 0.13285934925079346 770
1696444581904 0.2833680212497711 771
1696444581960 0.20223551988601685 772
1696444582017 0.2597070336341858 773
1696444582074 0.5078770518302917 774
1696444582130 0.5153014659881592 775
1696444582187 0.4794032573699951 776
1696444582244 0.480373352766037 777
1696444582301 0.09960291534662247 778
1696444582358 0.303713321685791 779
1696444582416 0.5054445266723633 780
1696444582474 0.26299092173576355 781
1696444582531 0.26988595724105835 782
1696444582587 0.5059195160865784 783
1696444582645 0.2455090880393982 784
1696444582702 0.5039848685264587 785
1696444582758 0.3296981453895569 786
1696444582815 0.505670428276062 787
1696444582873 0.3328661322593689 788
1696444582929 0.5079634189605713 789
1696444582985 0.1041581779718399 790
1696444583037 0.5055912137031555 791
1696444583089 0.5153500437736511 792
1696444589055 0.5044239163398743 793
1696444589113 0.14032579958438873 794
1696444589170 0.47769859433174133 795
1696444589226 0.5048063397407532 796
1696444589283 0.5049579739570618 797
1696444589340 0.25931671261787415 798
1696444589397 0.045193664729595184 799
1696444589454 0.5070133805274963 800
1696444589513 0.1883249282836914 801
1696444589570 0.15587157011032104 802
1696444589627 0.3685971200466156 803
1696444589685 0.5292696952819824 804
1696444589742 0.5471290946006775 805
1696444589798 0.5048069357872009 806
1696444589855 0.5081628561019897 807
1696444589913 0.13097015023231506 808
1696444589970 0.5089287757873535 809
1696444590026 0.5082128047943115 810
1696444590083 0.12111052870750427 811
1696444590140 0.31763142347335815 812
1696444590197 0.5050275921821594 813
1696444590256 0.5064274072647095 814
1696444590310 0.5088738203048706 815
1696444590362 0.5067113637924194 816
1696444596179 0.506909966468811 817
1696444596238 0.5087902545928955 818
1696444596297 0.1591740846633911 819
1696444596356 0.5037285685539246 820
1696444596416 0.19498400390148163 821
1696444596476 0.14955183863639832 822
1696444596535 0.5120235085487366 823
1696444596595 0.33454668521881104 824
1696444596655 0.507779598236084 825
1696444596716 0.1386037915945053 826
1696444596776 0.16504140198230743 827
1696444596833 0.5085033178329468 828
1696444596890 0.5180693864822388 829
1696444596950 0.5096731185913086 830
1696444597010 0.5328330397605896 831
1696444597070 0.5098533034324646 832
1696444597130 0.508419394493103 833
1696444597191 0.19240768253803253 834
1696444597251 0.5113439559936523 835
1696444597311 0.3258540630340576 836
1696444597371 0.504367470741272 837
1696444597432 0.38837456703186035 838
1696444597486 0.49427899718284607 839
1696444597542 0.11266277730464935 840
1696444603329 0.5038149356842041 841
1696444603387 0.6297847628593445 842
1696444603446 0.11326302587985992 843
1696444603504 0.12536048889160156 844
1696444603561 0.3529812693595886 845
1696444603618 0.10602286458015442 846
1696444603676 0.5061915516853333 847
1696444603734 0.16838380694389343 848
1696444603791 0.5040121674537659 849
1696444603848 0.10673584043979645 850
1696444603906 0.16165485978126526 851
1696444603963 0.5042516589164734 852
1696444604020 0.34721654653549194 853
1696444604076 0.22693389654159546 854
1696444604133 0.5051450729370117 855
1696444604190 0.2875368893146515 856
1696444604248 0.13503751158714294 857
1696444604305 0.5126624703407288 858
1696444604362 0.10013027489185333 859
1696444604419 0.3389841318130493 860
1696444604476 0.16244520246982574 861
1696444604533 0.503663957118988 862
1696444604585 0.15166105329990387 863
1696444604638 0.5625030994415283 864
1696444610419 0.18148472905158997 865
1696444610479 0.23187069594860077 866
1696444610540 0.4768739938735962 867
1696444610598 0.42809730768203735 868
1696444610655 0.5044806003570557 869
1696444610713 0.15897896885871887 870
1696444610769 0.5040940642356873 871
1696444610827 0.3167024850845337 872
1696444610886 0.5049149394035339 873
1696444610947 0.05144577473402023 874
1696444611006 0.805800199508667 875
1696444611064 0.08759453147649765 876
1696444611121 0.5093123316764832 877
1696444611178 0.35164716839790344 878
1696444611234 0.12672732770442963 879
1696444611291 0.15215618908405304 880
1696444611348 0.3701341450214386 881
1696444611405 0.5170092582702637 882
1696444611463 0.5233538746833801 883
1696444611520 0.11167722195386887 884
1696444611578 0.5307193994522095 885
1696444611637 0.31807345151901245 886
1696444611689 0.5054676532745361 887
1696444611743 0.17094585299491882 888
1696444617556 0.5088706016540527 889
1696444617614 0.39910879731178284 890
1696444617672 0.5120784640312195 891
1696444617730 0.5098626017570496 892
1696444617790 0.5052458643913269 893
1696444617848 0.20349526405334473 894
1696444617906 0.5057098269462585 895
1696444617966 0.17778365314006805 896
1696444618024 0.1728823184967041 897
1696444618082 0.5274718999862671 898
1696444618139 0.13979041576385498 899
1696444618197 0.5042665600776672 900
1696444618255 0.5088035464286804 901
1696444618313 0.21035663783550262 902
1696444618371 0.30593782663345337 903
1696444618429 0.34200233221054077 904
1696444618487 0.5095936059951782 905
1696444618545 0.08985169976949692 906
1696444618602 0.5223073363304138 907
1696444618661 0.3133689761161804 908
1696444618719 0.12853112816810608 909
1696444618777 0.12677496671676636 910
1696444618829 0.11380753666162491 911
1696444618882 0.326408714056015 912
1696444624777 0.1743192821741104 913
1696444624833 0.5053091645240784 914
1696444624889 0.506884753704071 915
1696444624945 0.5049594640731812 916
1696444625003 0.463985800743103 917
1696444625061 0.514133870601654 918
1696444625119 0.5068574547767639 919
1696444625176 0.1583925485610962 920
1696444625233 0.5244348049163818 921
1696444625289 0.235678032040596 922
1696444625345 0.5083873867988586 923
1696444625402 0.21363656222820282 924
1696444625463 0.28703826665878296 925
1696444625524 0.10891367495059967 926
1696444625584 0.06085048243403435 927
1696444625644 0.827380895614624 928
1696444625703 0.5036887526512146 929
1696444625763 0.5039494633674622 930
1696444625824 0.3589467406272888 931
1696444625883 0.5269520282745361 932
1696444625941 0.28929948806762695 933
1696444625998 0.5050138235092163 934
1696444626053 0.4369760751724243 935
1696444626107 0.5136684775352478 936
1696444631956 0.4976682960987091 937
1696444632015 0.20979289710521698 938
1696444632073 0.5045346617698669 939
1696444632132 0.27945294976234436 940
1696444632191 0.49657267332077026 941
1696444632250 0.31460511684417725 942
1696444632308 0.5069091320037842 943
1696444632367 0.5214846134185791 944
1696444632425 0.16069495677947998 945
1696444632483 0.15532168745994568 946
1696444632541 0.5143747329711914 947
1696444632600 0.5175561308860779 948
1696444632658 0.5079958438873291 949
1696444632717 0.5571786165237427 950
1696444632775 0.12451957166194916 951
1696444632832 0.5108922719955444 952
1696444632891 0.3180667459964752 953
1696444632949 0.5152303576469421 954
1696444633006 0.2277071177959442 955
1696444633063 0.1989755928516388 956
1696444633121 0.18362292647361755 957
1696444633179 0.5045031309127808 958
1696444633232 0.5055316686630249 959
1696444633284 0.5194475650787354 960
1696444639169 0.5255094766616821 961
1696444639226 0.5073472261428833 962
1696444639284 0.553207516670227 963
1696444639342 0.24000544846057892 964
1696444639399 0.5040273070335388 965
1696444639458 0.33244776725769043 966
1696444639516 0.5054186582565308 967
1696444639573 0.5045717358589172 968
1696444639631 0.13949799537658691 969
1696444639688 0.21202151477336884 970
1696444639746 0.14965340495109558 971
1696444639803 0.38168537616729736 972
1696444639860 0.07978813350200653 973
1696444639918 0.5132603049278259 974
1696444639976 0.5141066908836365 975
1696444640033 0.19766664505004883 976
1696444640091 0.18884342908859253 977
1696444640148 0.5094809532165527 978
1696444640205 0.07632994651794434 979
1696444640262 0.5104179382324219 980
1696444640320 0.06832338869571686 981
1696444640377 0.5148069262504578 982
1696444640430 0.5073546171188354 983
1696444640483 0.15548914670944214 984
1696444646349 0.13425305485725403 985
1696444646406 0.5055844187736511 986
1696444646464 0.3318507671356201 987
1696444646521 0.5044454336166382 988
1696444646578 0.1367494761943817 989
1696444646635 0.5038509368896484 990
1696444646692 0.5043079257011414 991
1696444646749 0.5148634314537048 992
1696444646806 0.5044965147972107 993
1696444646863 0.5049363374710083 994
1696444646920 0.1302671581506729 995
1696444646977 0.4092235267162323 996
1696444647035 0.5264246463775635 997
1696444647093 0.13977521657943726 998
1696444647151 0.08922852575778961 999
1696444647209 0.10816720128059387 1000
1696444647265 0.5029848217964172 1001
1696444647325 0.5033509135246277 1002
1696444647383 0.06011906638741493 1003
1696444647443 0.2222609966993332 1004
1696444647501 0.10456852614879608 1005
1696444647560 0.5040658116340637 1006
1696444647614 0.3686910569667816 1007
1696444647668 0.3055480122566223 1008
1696444653682 0.07952313125133514 1009
1696444653739 0.5036011934280396 1010
1696444653796 0.5065858364105225 1011
1696444653853 0.5231081247329712 1012
1696444653909 0.5038768649101257 1013
1696444653966 0.5032580494880676 1014
1696444654022 0.09630429744720459 1015
1696444654079 0.5037901997566223 1016
1696444654136 0.11078688502311707 1017
1696444654193 0.4619593918323517 1018
1696444654251 0.5041331648826599 1019
1696444654308 0.32246649265289307 1020
1696444654365 0.5663206577301025 1021
1696444654422 0.13640639185905457 1022
1696444654480 0.5069673657417297 1023
1696444654536 0.5071664452552795 1024
1696444654594 0.29531729221343994 1025
1696444654653 0.5055001974105835 1026
1696444654711 0.5044864416122437 1027
1696444654769 0.4543464481830597 1028
1696444654826 0.240157812833786 1029
1696444654883 0.46203291416168213 1030
1696444654935 0.5527584552764893 1031
1696444654987 0.18861551582813263 1032
1696444660780 0.25510501861572266 1033
1696444660838 0.5073115825653076 1034
1696444660894 0.5085886716842651 1035
1696444660952 0.25693026185035706 1036
1696444661010 0.5037446618080139 1037
1696444661068 0.5302651524543762 1038
1696444661125 0.49338361620903015 1039
1696444661182 0.505648136138916 1040
1696444661240 0.5086999535560608 1041
1696444661298 0.1929868459701538 1042
1696444661354 0.5055338144302368 1043
1696444661411 0.5040256381034851 1044
1696444661470 0.5036373138427734 1045
1696444661528 0.5046511888504028 1046
1696444661585 0.5097561478614807 1047
1696444661645 0.5909230709075928 1048
1696444661704 0.7689316272735596 1049
1696444661762 0.4114888906478882 1050
1696444661819 0.5056133270263672 1051
1696444661875 0.50457364320755 1052
1696444661932 0.46636930108070374 1053
1696444661991 0.5055545568466187 1054
1696444662045 0.5059402585029602 1055
1696444662098 0.5077072381973267 1056
1696444667876 0.5139265656471252 1057
1696444667933 0.35311058163642883 1058
1696444667989 0.5058309435844421 1059
1696444668046 0.24204330146312714 1060
1696444668103 0.48414865136146545 1061
1696444668159 0.5177249312400818 1062
1696444668215 0.3626817762851715 1063
1696444668273 0.08483929932117462 1064
1696444668334 0.23889082670211792 1065
1696444668395 0.2862033247947693 1066
1696444668453 0.06055861711502075 1067
1696444668513 0.5051957368850708 1068
1696444668571 0.629389762878418 1069
1696444668630 0.4242002069950104 1070
1696444668688 0.743309736251831 1071
1696444668747 0.16466405987739563 1072
1696444668804 0.18338006734848022 1073
1696444668861 0.3625383973121643 1074
1696444668918 0.20889611542224884 1075
1696444668974 0.08894956111907959 1076
1696444669031 0.3369208574295044 1077
1696444669088 0.2267806977033615 1078
1696444669141 0.5160465836524963 1079
1696444669193 0.15742236375808716 1080
1696444675061 0.5132359862327576 1081
1696444675118 0.506885290145874 1082
1696444675175 0.5309807658195496 1083
1696444675232 0.2963922619819641 1084
1696444675289 0.17911887168884277 1085
1696444675346 0.11608944833278656 1086
1696444675403 0.1584789752960205 1087
1696444675460 0.511077880859375 1088
1696444675517 0.10736741125583649 1089
1696444675575 0.16829372942447662 1090
1696444675632 0.1527782380580902 1091
1696444675690 0.5518982410430908 1092
1696444675746 0.503756582736969 1093
1696444675804 0.50511234998703 1094
1696444675861 0.5035459399223328 1095
1696444675917 0.5033828020095825 1096
1696444675973 0.5065664649009705 1097
1696444676030 0.17505383491516113 1098
1696444676086 0.5033872723579407 1099
1696444676144 0.3037611246109009 1100
1696444676202 0.17476212978363037 1101
1696444676259 0.5149986743927002 1102
1696444676312 0.1515849232673645 1103
1696444676364 0.4154512584209442 1104
1696444682229 0.15229205787181854 1105
1696444682287 0.5042571425437927 1106
1696444682344 0.14513826370239258 1107
1696444682402 0.5039696097373962 1108
1696444682459 0.5032186508178711 1109
1696444682516 0.15003985166549683 1110
1696444682573 0.27679216861724854 1111
1696444682632 0.10821172595024109 1112
1696444682690 0.6053329110145569 1113
1696444682747 0.5360327959060669 1114
1696444682805 0.46885693073272705 1115
1696444682862 0.39323681592941284 1116
1696444682922 0.5032291412353516 1117
1696444682983 0.3476872444152832 1118
1696444683042 0.5078274607658386 1119
1696444683102 0.5093532800674438 1120
1696444683164 0.20167507231235504 1121
1696444683225 0.09279818832874298 1122
1696444683285 0.11373160034418106 1123
1696444683345 0.5124188661575317 1124
1696444683406 0.18702946603298187 1125
1696444683467 0.5062904357910156 1126
1696444683522 0.5084426999092102 1127
1696444683574 0.26236608624458313 1128
1696444689448 0.5035439729690552 1129
1696444689507 0.4439776539802551 1130
1696444689567 0.3399079740047455 1131
1696444689627 0.2622455656528473 1132
1696444689686 0.306693434715271 1133
1696444689747 0.15167689323425293 1134
1696444689807 0.5228465795516968 1135
1696444689866 0.5050814747810364 1136
1696444689925 0.5042862296104431 1137
1696444689982 0.5518777370452881 1138
1696444690039 0.2936965227127075 1139
1696444690096 0.5056616067886353 1140
1696444690154 0.15079112350940704 1141
1696444690211 0.21495100855827332 1142
1696444690268 0.23331168293952942 1143
1696444690327 0.1643408089876175 1144
1696444690384 0.5120532512664795 1145
1696444690442 0.1944834291934967 1146
1696444690501 0.5196588039398193 1147
1696444690560 0.5663391351699829 1148
1696444690618 0.1117350161075592 1149
1696444690675 0.6900676488876343 1150
1696444690727 0.22523075342178345 1151
1696444690780 0.504761815071106 1152
1696444696601 0.4401125907897949 1153
1696444696659 0.5073552131652832 1154
1696444696716 0.511417806148529 1155
1696444696774 0.7818648219108582 1156
1696444696831 0.12819547951221466 1157
1696444696888 0.5318447947502136 1158
1696444696945 0.19674651324748993 1159
1696444697002 0.53031986951828 1160
1696444697059 0.5068910717964172 1161
1696444697117 0.5146918296813965 1162
1696444697175 0.28705334663391113 1163
1696444697232 0.15254807472229004 1164
1696444697289 0.3376745879650116 1165
1696444697345 0.5067591667175293 1166
1696444697403 0.24608638882637024 1167
1696444697462 0.18150629103183746 1168
1696444697520 0.2082175761461258 1169
1696444697579 0.10080760717391968 1170
1696444697636 0.5078595280647278 1171
1696444697695 0.23170076310634613 1172
1696444697753 0.508521556854248 1173
1696444697810 0.5044683814048767 1174
1696444697863 0.5039793848991394 1175
1696444697916 0.4544699490070343 1176
1696444703787 0.3584238886833191 1177
1696444703844 0.504608154296875 1178
1696444703900 0.512288510799408 1179
1696444703958 0.7565655708312988 1180
1696444704015 0.5072681307792664 1181
1696444704072 0.5070929527282715 1182
1696444704129 0.16460061073303223 1183
1696444704185 0.5092907547950745 1184
1696444704242 0.45390889048576355 1185
1696444704299 0.5053439736366272 1186
1696444704356 0.5264870524406433 1187
1696444704414 0.5133784413337708 1188
1696444704470 0.5048767924308777 1189
1696444704527 0.5048075318336487 1190
1696444704583 0.5036706924438477 1191
1696444704641 0.2077457159757614 1192
1696444704701 0.07917216420173645 1193
1696444704759 0.20776410400867462 1194
1696444704817 0.1327439546585083 1195
1696444704874 0.16149131953716278 1196
1696444704931 0.5039645433425903 1197
1696444704987 0.5047219395637512 1198
1696444705040 0.5090786814689636 1199
1696444705093 0.4310934245586395 1200
1696444710921 0.5046448707580566 1201
1696444710978 0.13785481452941895 1202
1696444711035 0.2739103436470032 1203
1696444711094 0.3275816738605499 1204
1696444711152 0.10564158856868744 1205
1696444711209 0.5056818723678589 1206
1696444711265 0.5229396224021912 1207
1696444711321 0.5037220120429993 1208
1696444711378 0.25090718269348145 1209
1696444711435 0.5074321031570435 1210
1696444711493 0.5069530010223389 1211
1696444711552 0.505891740322113 1212
1696444711609 0.5082883238792419 1213
1696444711666 0.5032987594604492 1214
1696444711725 0.1652175635099411 1215
1696444711781 0.3123406171798706 1216
1696444711837 0.5988072752952576 1217
1696444711894 0.16115672886371613 1218
1696444711951 0.5029380321502686 1219
1696444712008 0.5121599435806274 1220
1696444712064 0.5219877362251282 1221
1696444712121 0.09866203367710114 1222
1696444712175 0.118397556245327 1223
1696444712227 0.5045915842056274 1224
1696444718134 0.5066507458686829 1225
1696444718192 0.30754223465919495 1226
1696444718251 0.5096460580825806 1227
1696444718308 0.5046710968017578 1228
1696444718365 0.2666591703891754 1229
1696444718423 0.1905120462179184 1230
1696444718480 0.5066162943840027 1231
1696444718539 0.5029869675636292 1232
1696444718596 0.08193804323673248 1233
1696444718654 0.2791009545326233 1234
1696444718712 0.5048738718032837 1235
1696444718770 0.40434926748275757 1236
1696444718827 0.5027338266372681 1237
1696444718883 0.5054143667221069 1238
1696444718940 0.5083730220794678 1239
1696444718996 0.14289063215255737 1240
1696444719053 0.09543830156326294 1241
1696444719110 0.5051736831665039 1242
1696444719168 0.3281692862510681 1243
1696444719225 0.12026425451040268 1244
1696444719283 0.05810391902923584 1245
1696444719339 0.5069626569747925 1246
1696444719392 0.5048943758010864 1247
1696444719445 0.12568743526935577 1248
1696444725273 0.49410420656204224 1249
1696444725329 0.504906415939331 1250
1696444725386 0.5066151022911072 1251
1696444725442 0.5087751150131226 1252
1696444725498 0.5095794796943665 1253
1696444725556 0.19688032567501068 1254
1696444725614 0.535753071308136 1255
1696444725672 0.06653907895088196 1256
1696444725730 0.5106595754623413 1257
1696444725787 0.5527215600013733 1258
1696444725845 0.511732816696167 1259
1696444725901 0.5068497061729431 1260
1696444725958 0.5093691349029541 1261
1696444726017 0.5089833736419678 1262
1696444726075 0.28940147161483765 1263
1696444726136 0.24325880408287048 1264
1696444726193 0.5035935044288635 1265
1696444726251 0.5403109192848206 1266
1696444726311 0.601205587387085 1267
1696444726372 0.7009619474411011 1268
1696444726431 0.1833362877368927 1269
1696444726488 0.5109825134277344 1270
1696444726541 0.3085995018482208 1271
1696444726592 0.5030660033226013 1272
1696444732426 0.31449705362319946 1273
1696444732483 0.13200221955776215 1274
1696444732540 0.5062544941902161 1275
1696444732596 0.5061380863189697 1276
1696444732653 0.5055605173110962 1277
1696444732710 0.5138481855392456 1278
1696444732767 0.5028854012489319 1279
1696444732824 0.5052543878555298 1280
1696444732881 0.5031203031539917 1281
1696444732938 0.2975773811340332 1282
1696444732995 0.3607025742530823 1283
1696444733052 0.3569311499595642 1284
1696444733110 0.313389390707016 1285
1696444733168 0.5032033920288086 1286
1696444733227 0.42060187458992004 1287
1696444733284 0.13469873368740082 1288
1696444733345 0.5037690997123718 1289
1696444733403 0.2760956287384033 1290
1696444733461 0.38212937116622925 1291
1696444733519 0.17822517454624176 1292
1696444733576 0.5150863528251648 1293
1696444733632 0.5031077265739441 1294
1696444733685 0.36600106954574585 1295
1696444733737 0.5032353401184082 1296
1696444739551 0.3254908621311188 1297
1696444739608 0.136393740773201 1298
1696444739666 0.5451331734657288 1299
1696444739722 0.5039043426513672 1300
1696444739779 0.1791508048772812 1301
1696444739835 0.2190018892288208 1302
1696444739892 0.15390898287296295 1303
1696444739948 0.5045565366744995 1304
1696444740006 0.5049170255661011 1305
1696444740063 0.5048704743385315 1306
1696444740120 0.5995395183563232 1307
1696444740178 0.12239120900630951 1308
1696444740234 0.5069826245307922 1309
1696444740291 0.5038971304893494 1310
1696444740350 0.21737727522850037 1311
1696444740408 0.1860455870628357 1312
1696444740465 0.19181248545646667 1313
1696444740523 0.5453112125396729 1314
1696444740580 0.2804301679134369 1315
1696444740637 0.5040597319602966 1316
1696444740693 0.5042055249214172 1317
1696444740749 0.5052118897438049 1318
1696444740804 0.32734379172325134 1319
1696444740860 0.13407957553863525 1320
1696444746656 0.493062287569046 1321
1696444746714 0.2444738894701004 1322
1696444746771 0.20465627312660217 1323
1696444746827 0.5203219056129456 1324
1696444746884 1.5281550884246826 1325
1696444746941 0.5035062432289124 1326
1696444746997 0.5047624707221985 1327
1696444747053 0.5034727454185486 1328
1696444747110 0.23911452293395996 1329
1696444747165 1.1291643381118774 1330
1696444747222 0.5100778937339783 1331
1696444747279 0.5064541697502136 1332
1696444747335 0.19528819620609283 1333
1696444747392 0.518082857131958 1334
1696444747449 0.794819712638855 1335
1696444747507 0.6820516586303711 1336
1696444747566 0.09722283482551575 1337
1696444747623 0.5033242702484131 1338
1696444747685 0.17865413427352905 1339
1696444747745 0.11287172883749008 1340
1696444747803 0.09577823430299759 1341
1696444747861 0.2841111421585083 1342
1696444747914 0.5031440258026123 1343
1696444747968 0.5072999000549316 1344
1696444753845 0.341453492641449 1345
1696444753903 0.5076523423194885 1346
1696444753961 0.11226805299520493 1347
1696444754017 0.5046167969703674 1348
1696444754076 0.10332982242107391 1349
1696444754133 0.06580347567796707 1350
1696444754190 0.22579266130924225 1351
1696444754247 0.5058940649032593 1352
1696444754305 0.5056822299957275 1353
1696444754363 0.17436233162879944 1354
1696444754422 2.0039758682250977 1355
1696444754482 0.4941333830356598 1356
1696444754541 0.5059477090835571 1357
1696444754599 0.5130879878997803 1358
1696444754658 0.2535906434059143 1359
1696444754716 0.5091557502746582 1360
1696444754773 0.44849956035614014 1361
1696444754832 0.5095419883728027 1362
1696444754890 0.5244400501251221 1363
1696444754948 0.2406233251094818 1364
1696444755005 0.74357670545578 1365
1696444755062 0.508429765701294 1366
1696444755115 0.8496221899986267 1367
1696444755167 0.14105691015720367 1368
1696444761071 0.8384373188018799 1369
1696444761130 0.5630702972412109 1370
1696444761188 0.5181988477706909 1371
1696444761245 0.6276655197143555 1372
1696444761301 0.5137051939964294 1373
1696444761359 0.8968296051025391 1374
1696444761417 0.9970265626907349 1375
1696444761475 0.3620377779006958 1376
1696444761532 0.42279499769210815 1377
1696444761590 1.1252717971801758 1378
1696444761648 0.28411781787872314 1379
1696444761708 0.3616514205932617 1380
1696444761764 0.5053018927574158 1381
1696444761822 0.5051200985908508 1382
1696444761879 0.28968125581741333 1383
1696444761937 0.5100553035736084 1384
1696444761995 0.5090327858924866 1385
1696444762053 0.26606059074401855 1386
1696444762110 0.503190815448761 1387
1696444762167 0.16637852787971497 1388
1696444762225 0.13135004043579102 1389
1696444762282 0.34059441089630127 1390
1696444762336 0.15054914355278015 1391
1696444762388 0.5062810182571411 1392
1696444768259 0.1859545260667801 1393
1696444768317 0.5043291449546814 1394
1696444768376 0.19714736938476562 1395
1696444768435 0.21410393714904785 1396
1696444768491 0.5068220496177673 1397
1696444768550 0.1588534116744995 1398
1696444768608 0.16697269678115845 1399
1696444768666 0.1786293089389801 1400
1696444768723 0.6707247495651245 1401
1696444768780 0.5046910643577576 1402
1696444768838 0.507105827331543 1403
1696444768896 0.5070052742958069 1404
1696444768953 0.41357532143592834 1405
1696444769010 0.5055789947509766 1406
1696444769068 0.13276195526123047 1407
1696444769126 0.24028819799423218 1408
1696444769185 0.5111433863639832 1409
1696444769242 0.39543092250823975 1410
1696444769299 0.18476982414722443 1411
1696444769357 0.5044504404067993 1412
1696444769415 0.1152348518371582 1413
1696444769472 0.5039944052696228 1414
1696444769525 0.5060142874717712 1415
1696444769579 0.508114755153656 1416
1696444775506 0.5168514251708984 1417
1696444775563 0.4661789536476135 1418
1696444775622 0.5117694735527039 1419
1696444775680 0.5367220044136047 1420
1696444775739 0.18855243921279907 1421
1696444775796 0.22201943397521973 1422
1696444775852 0.5043978691101074 1423
1696444775909 0.5053661465644836 1424
1696444775964 0.5090246200561523 1425
1696444776022 0.34169867634773254 1426
1696444776079 0.15437808632850647 1427
1696444776135 0.5113227963447571 1428
1696444776194 0.20131836831569672 1429
1696444776252 0.3202004134654999 1430
1696444776310 0.11890362203121185 1431
1696444776367 0.5073282718658447 1432
1696444776424 2.2048592567443848 1433
1696444776481 0.10629741847515106 1434
1696444776538 0.17084398865699768 1435
1696444776595 0.32122522592544556 1436
1696444776653 0.1207110807299614 1437
1696444776710 0.5046021342277527 1438
1696444776764 0.5081222057342529 1439
1696444776816 0.19054445624351501 1440
1696444782675 0.16133539378643036 1441
1696444782734 0.2347264289855957 1442
1696444782793 0.44243329763412476 1443
1696444782852 0.1583654284477234 1444
1696444782912 0.11594229936599731 1445
1696444782971 0.5070364475250244 1446
1696444783029 0.6436172723770142 1447
1696444783087 0.511462390422821 1448
1696444783144 0.5116949081420898 1449
1696444783201 0.5620043873786926 1450
1696444783259 0.15844281017780304 1451
1696444783317 0.5319831967353821 1452
1696444783374 0.5397122502326965 1453
1696444783433 0.5537907481193542 1454
1696444783492 0.16615775227546692 1455
1696444783551 0.5476218461990356 1456
1696444783612 0.393725723028183 1457
1696444783669 0.5163206458091736 1458
1696444783728 0.21166256070137024 1459
1696444783785 0.52713543176651 1460
1696444783846 0.49686169624328613 1461
1696444783904 0.16726644337177277 1462
1696444783958 0.5046877861022949 1463
1696444784012 0.30230045318603516 1464
1696444789893 0.5403730273246765 1465
1696444789950 0.5070225596427917 1466
1696444790008 0.16636227071285248 1467
1696444790065 0.5096845030784607 1468
1696444790122 0.5118288993835449 1469
1696444790179 0.18336820602416992 1470
1696444790236 0.5118539929389954 1471
1696444790293 0.40675485134124756 1472
1696444790351 0.4801483154296875 1473
1696444790409 0.5601842403411865 1474
1696444790466 0.32314473390579224 1475
1696444790525 0.19727128744125366 1476
1696444790585 0.4887325167655945 1477
1696444790646 0.5094795823097229 1478
1696444790705 0.24278481304645538 1479
1696444790763 0.5072445273399353 1480
1696444790821 0.38321492075920105 1481
1696444790878 0.5084092617034912 1482
1696444790938 0.08576223254203796 1483
1696444790997 0.24309788644313812 1484
1696444791053 0.505480945110321 1485
1696444791111 0.5566819906234741 1486
1696444791163 0.5459399223327637 1487
1696444791216 0.5578470826148987 1488
1696444797060 0.3295927941799164 1489
1696444797118 0.5079061388969421 1490
1696444797176 0.14010807871818542 1491
1696444797232 0.13581079244613647 1492
1696444797290 0.14872506260871887 1493
1696444797348 0.42870327830314636 1494
1696444797405 0.46919718384742737 1495
1696444797463 0.13296279311180115 1496
1696444797521 0.369692325592041 1497
1696444797578 0.507209300994873 1498
1696444797636 0.16356608271598816 1499
1696444797692 0.5051203370094299 1500
1696444797750 0.5049073696136475 1501
1696444797807 0.49722060561180115 1502
1696444797865 0.4638691842556 1503
1696444797923 0.2356882095336914 1504
1696444797980 0.5091670155525208 1505
1696444798037 0.15855874121189117 1506
1696444798094 0.45905598998069763 1507
1696444798151 0.6593621969223022 1508
1696444798207 0.6326063871383667 1509
1696444798265 0.33892959356307983 1510
1696444798319 0.10769802331924438 1511
1696444798371 0.5046401023864746 1512
1696444804215 0.11196636408567429 1513
1696444804272 0.5063962936401367 1514
1696444804329 0.5065329670906067 1515
1696444804386 0.6339918375015259 1516
1696444804444 0.50426185131073 1517
1696444804501 0.5055667161941528 1518
1696444804558 0.5062177181243896 1519
1696444804615 0.14295977354049683 1520
1696444804672 0.5035567283630371 1521
1696444804730 0.25885334610939026 1522
1696444804789 0.17087571322917938 1523
1696444804845 0.5040022134780884 1524
1696444804903 0.3281358480453491 1525
1696444804960 0.5182031989097595 1526
1696444805017 0.5118730068206787 1527
1696444805074 0.14664983749389648 1528
1696444805132 0.50529545545578 1529
1696444805189 0.08495080471038818 1530
1696444805246 0.5117761492729187 1531
1696444805304 0.5059564709663391 1532
1696444805361 0.5045011043548584 1533
1696444805417 0.504301130771637 1534
1696444805470 0.47623729705810547 1535
1696444805522 0.5181876420974731 1536
1696444811349 0.285324364900589 1537
1696444811407 0.3326926529407501 1538
1696444811464 0.5046995282173157 1539
1696444811523 0.46118757128715515 1540
1696444811582 0.5035718679428101 1541
1696444811641 0.2761888802051544 1542
1696444811699 0.22819824516773224 1543
1696444811756 0.15379837155342102 1544
1696444811813 0.2219478189945221 1545
1696444811870 0.5053834319114685 1546
1696444811927 0.5099237561225891 1547
1696444811986 0.17845915257930756 1548
1696444812044 0.5308840274810791 1549
1696444812103 0.08899562060832977 1550
1696444812163 0.27276161313056946 1551
1696444812221 0.5050068497657776 1552
1696444812279 0.46863847970962524 1553
1696444812339 0.5243121385574341 1554
1696444812398 0.3764553964138031 1555
1696444812457 0.7651389837265015 1556
1696444812515 0.5084550976753235 1557
1696444812574 0.44211190938949585 1558
1696444812629 0.3373185396194458 1559
1696444812683 0.5173693895339966 1560
1696444818516 0.2454686313867569 1561
1696444818574 0.1550755351781845 1562
1696444818631 0.5043751001358032 1563
1696444818690 0.19959785044193268 1564
1696444818747 0.5037943124771118 1565
1696444818804 0.20671847462654114 1566
1696444818861 0.07938526570796967 1567
1696444818920 0.43307986855506897 1568
1696444818977 0.503980278968811 1569
1696444819034 0.24511383473873138 1570
1696444819092 0.5031027793884277 1571
1696444819151 0.3716968894004822 1572
1696444819208 0.5038009285926819 1573
1696444819265 0.321454256772995 1574
1696444819324 0.21514001488685608 1575
1696444819381 0.50661301612854 1576
1696444819439 0.5058222413063049 1577
1696444819497 0.5058344006538391 1578
1696444819556 0.1977367252111435 1579
1696444819614 0.17768563330173492 1580
1696444819673 0.13727720081806183 1581
1696444819730 0.3658733665943146 1582
1696444819783 0.46324622631073 1583
1696444819835 0.5045866966247559 1584
1696444825636 0.5059444904327393 1585
1696444825696 0.5059583783149719 1586
1696444825756 0.11330948770046234 1587
1696444825815 0.5064611434936523 1588
1696444825873 0.15896131098270416 1589
1696444825930 0.22432613372802734 1590
1696444825986 0.5084390640258789 1591
1696444826044 0.1331939399242401 1592
1696444826101 0.22952963411808014 1593
1696444826159 0.0680975466966629 1594
1696444826217 0.5186084508895874 1595
1696444826277 0.5044803023338318 1596
1696444826338 0.09656195342540741 1597
1696444826398 0.5083551406860352 1598
1696444826459 0.15266400575637817 1599
1696444826519 0.2488166093826294 1600
1696444826579 1.9382306337356567 1601
1696444826638 0.5107466578483582 1602
1696444826700 0.23288969695568085 1603
1696444826760 0.39567112922668457 1604
1696444826819 0.5071553587913513 1605
1696444826879 0.5058199167251587 1606
1696444826932 0.3186672031879425 1607
1696444826983 0.5048084855079651 1608
1696444832783 0.3999239206314087 1609
1696444832839 1.0060518980026245 1610
1696444832896 0.5072938203811646 1611
1696444832954 0.6318855285644531 1612
1696444833011 0.4013296067714691 1613
1696444833068 0.16717103123664856 1614
1696444833126 0.16275456547737122 1615
1696444833182 0.5068765878677368 1616
1696444833239 0.11804617196321487 1617
1696444833296 0.5064316987991333 1618
1696444833355 0.2983047068119049 1619
1696444833413 0.18992432951927185 1620
1696444833470 0.29192274808883667 1621
1696444833528 0.40010347962379456 1622
1696444833586 0.5744843482971191 1623
1696444833643 0.26183202862739563 1624
1696444833703 0.1421002447605133 1625
1696444833760 0.5069706439971924 1626
1696444833818 0.3870459198951721 1627
1696444833876 0.2827600836753845 1628
1696444833934 0.5136198997497559 1629
1696444833990 0.5085525512695312 1630
1696444834043 0.5047903656959534 1631
1696444834096 0.19442926347255707 1632
1696444840041 0.5181403756141663 1633
1696444840099 0.5071514844894409 1634
1696444840157 0.5134996771812439 1635
1696444840215 0.3954346477985382 1636
1696444840273 0.19950097799301147 1637
1696444840332 0.09342390298843384 1638
1696444840389 0.5078078508377075 1639
1696444840446 0.5004160404205322 1640
1696444840504 1.2503094673156738 1641
1696444840562 0.14897982776165009 1642
1696444840619 0.5092164874076843 1643
1696444840675 0.5104846954345703 1644
1696444840733 0.5482862591743469 1645
1696444840790 0.1590321660041809 1646
1696444840847 0.17295847833156586 1647
1696444840903 0.5120696425437927 1648
1696444840960 0.17039580643177032 1649
1696444841016 0.1314002424478531 1650
1696444841074 0.26449012756347656 1651
1696444841133 0.15224672853946686 1652
1696444841191 0.5283855199813843 1653
1696444841249 0.5478837490081787 1654
1696444841302 0.5237785577774048 1655
1696444841355 0.18188712000846863 1656
1696444847137 0.06269457936286926 1657
1696444847194 0.5062059760093689 1658
1696444847251 0.5029458999633789 1659
1696444847312 0.17525742948055267 1660
1696444847371 0.16150647401809692 1661
1696444847430 0.16639329493045807 1662
1696444847488 0.18742282688617706 1663
1696444847548 0.5054774284362793 1664
1696444847605 0.487163245677948 1665
1696444847663 0.25155404210090637 1666
1696444847722 0.5030054450035095 1667
1696444847780 0.19352875649929047 1668
1696444847838 0.17418840527534485 1669
1696444847894 0.5108324289321899 1670
1696444847951 0.5042383670806885 1671
1696444848009 0.5041104555130005 1672
1696444848067 0.255441278219223 1673
1696444848124 0.17439711093902588 1674
1696444848182 0.6115918755531311 1675
1696444848238 0.5104259848594666 1676
1696444848295 0.5106805562973022 1677
1696444848360 0.3891954720020294 1678
1696444848414 0.4791937470436096 1679
1696444848466 0.33642324805259705 1680
1696444854365 0.6699336767196655 1681
1696444854422 0.19435709714889526 1682
1696444854479 0.675384521484375 1683
1696444854536 0.4691028296947479 1684
1696444854593 0.503023624420166 1685
1696444854652 0.2964650094509125 1686
1696444854710 0.2409171313047409 1687
1696444854769 0.20348885655403137 1688
1696444854827 0.5371246933937073 1689
1696444854884 0.1435815393924713 1690
1696444854941 0.5149565935134888 1691
1696444854997 0.5072964429855347 1692
1696444855053 0.5100809335708618 1693
1696444855110 0.5077685713768005 1694
1696444855168 0.4487103819847107 1695
1696444855225 0.2522847652435303 1696
1696444855282 0.503280758857727 1697
1696444855339 0.22924695909023285 1698
1696444855396 0.250755250453949 1699
1696444855453 0.5128349661827087 1700
1696444855509 0.5069292187690735 1701
1696444855566 0.5045888423919678 1702
1696444855619 0.39381834864616394 1703
1696444855674 0.43032076954841614 1704
1696444861567 0.5036982893943787 1705
1696444861626 0.5043861865997314 1706
1696444861684 0.14981572329998016 1707
1696444861742 0.1203894391655922 1708
1696444861800 0.14007464051246643 1709
1696444861857 0.3251860737800598 1710
1696444861914 0.09093072265386581 1711
1696444861971 0.3704429268836975 1712
1696444862029 0.12236592173576355 1713
1696444862087 0.5080443620681763 1714
1696444862146 0.46071603894233704 1715
1696444862204 0.5043110251426697 1716
1696444862262 0.5159487724304199 1717
1696444862319 0.5042306184768677 1718
1696444862376 0.4020385444164276 1719
1696444862433 0.11383526772260666 1720
1696444862489 0.5045585632324219 1721
1696444862546 0.507133424282074 1722
1696444862604 0.507868766784668 1723
1696444862663 0.17856986820697784 1724
1696444862723 0.1612999439239502 1725
1696444862781 0.4140929579734802 1726
1696444862833 0.5142976641654968 1727
1696444862885 0.32863348722457886 1728
1696444868767 0.5047439932823181 1729
1696444868825 0.5056082010269165 1730
1696444868883 0.5028960704803467 1731
1696444868941 0.16583174467086792 1732
1696444868998 0.5157058238983154 1733
1696444869056 0.2164873629808426 1734
1696444869113 0.38256770372390747 1735
1696444869170 0.5113591551780701 1736
1696444869227 0.14464983344078064 1737
1696444869285 0.16711078584194183 1738
1696444869343 0.5046180486679077 1739
1696444869401 0.5178900361061096 1740
1696444869459 0.44880974292755127 1741
1696444869519 0.5056910514831543 1742
1696444869576 0.7805870771408081 1743
1696444869636 0.21815603971481323 1744
1696444869695 0.5029459595680237 1745
1696444869752 3.3750877380371094 1746
1696444869811 0.5545542240142822 1747
1696444869870 0.5032362937927246 1748
1696444869929 0.3781817555427551 1749
1696444869989 0.06196737661957741 1750
1696444870043 0.202166348695755 1751
1696444870096 0.1808454692363739 1752
1696444875902 0.32110145688056946 1753
1696444875960 0.4423200488090515 1754
1696444876017 0.26742613315582275 1755
1696444876073 0.5042870044708252 1756
1696444876130 0.5031901597976685 1757
1696444876187 0.19287613034248352 1758
1696444876244 0.4435916244983673 1759
1696444876301 0.34455883502960205 1760
1696444876358 0.5061343312263489 1761
1696444876416 0.5281542539596558 1762
1696444876473 0.1783110797405243 1763
1696444876529 0.12936216592788696 1764
1696444876586 0.5619518756866455 1765
1696444876643 0.5060515403747559 1766
1696444876712 0.20198626816272736 1767
1696444876769 0.511738657951355 1768
1696444876826 0.505549430847168 1769
1696444876884 0.29424402117729187 1770
1696444876943 0.29558539390563965 1771
1696444877001 0.505655825138092 1772
1696444877059 0.5805677175521851 1773
1696444877116 0.15956231951713562 1774
1696444877170 0.09840867668390274 1775
1696444877222 0.3743176758289337 1776
1696444883087 0.19386085867881775 1777
1696444883145 0.37984269857406616 1778
1696444883203 0.5099689960479736 1779
1696444883261 0.4995460510253906 1780
1696444883319 0.5057171583175659 1781
1696444883376 0.5033319592475891 1782
1696444883434 0.3301631510257721 1783
1696444883491 0.2574291527271271 1784
1696444883548 0.5860819220542908 1785
1696444883605 0.6556944847106934 1786
1696444883663 0.504795491695404 1787
1696444883720 0.511360228061676 1788
1696444883779 0.17610783874988556 1789
1696444883837 0.10762196779251099 1790
1696444883894 0.28050631284713745 1791
1696444883952 0.4786717891693115 1792
1696444884010 0.22492417693138123 1793
1696444884066 0.50641930103302 1794
1696444884123 0.2168017327785492 1795
1696444884180 0.11740043759346008 1796
1696444884238 0.4491541087627411 1797
1696444884296 0.15875780582427979 1798
1696444884348 0.40629759430885315 1799
1696444884400 0.30548280477523804 1800
1696444890239 0.5045881867408752 1801
1696444890299 0.5084688663482666 1802
1696444890357 0.7256706357002258 1803
1696444890417 0.5041784048080444 1804
1696444890476 0.515243649482727 1805
1696444890534 0.5078428387641907 1806
1696444890592 0.5087822079658508 1807
1696444890649 0.5102609395980835 1808
1696444890707 0.5069892406463623 1809
1696444890766 0.5806820392608643 1810
1696444890822 0.5292351841926575 1811
1696444890879 0.30290019512176514 1812
1696444890936 0.6040009260177612 1813
1696444890997 0.2102859914302826 1814
1696444891054 0.5053038597106934 1815
1696444891111 0.5410960912704468 1816
1696444891168 0.5115172266960144 1817
1696444891226 0.9248106479644775 1818
1696444891283 0.5056269764900208 1819
1696444891339 0.5059897899627686 1820
1696444891396 0.2133660465478897 1821
1696444891454 0.31246593594551086 1822
1696444891507 0.22902250289916992 1823
1696444891559 0.5327812433242798 1824
1696444897413 0.4512596130371094 1825
1696444897471 0.5111643075942993 1826
1696444897529 0.3794398307800293 1827
1696444897587 0.16080978512763977 1828
1696444897644 0.5041287541389465 1829
1696444897700 0.5076795816421509 1830
1696444897758 0.3172036409378052 1831
1696444897816 0.6055737137794495 1832
1696444897874 0.5539131760597229 1833
1696444897931 0.5082123875617981 1834
1696444897988 0.8411562442779541 1835
1696444898046 0.2868441343307495 1836
1696444898104 0.21566122770309448 1837
1696444898161 0.5029374957084656 1838
1696444898217 0.5045925378799438 1839
1696444898276 0.4255743622779846 1840
1696444898334 0.503946840763092 1841
1696444898391 0.5042310953140259 1842
1696444898449 0.24732936918735504 1843
1696444898507 0.18420520424842834 1844
1696444898565 0.4237973988056183 1845
1696444898623 0.13470548391342163 1846
1696444898677 0.3056126832962036 1847
1696444898732 0.09670668840408325 1848
1696444904761 0.11580970138311386 1849
1696444904818 0.36621758341789246 1850
1696444904875 0.06548584252595901 1851
1696444904932 0.7914536595344543 1852
1696444904989 0.5036657452583313 1853
1696444905046 0.5260346531867981 1854
1696444905103 0.12751084566116333 1855
1696444905160 0.5037960410118103 1856
1696444905217 0.4855664372444153 1857
1696444905274 0.5042170882225037 1858
1696444905333 0.11817491054534912 1859
1696444905390 0.5040525197982788 1860
1696444905447 0.5138194561004639 1861
1696444905503 0.5033769011497498 1862
1696444905559 0.3008294105529785 1863
1696444905616 0.08211421966552734 1864
1696444905673 0.5540106892585754 1865
1696444905732 0.503183126449585 1866
1696444905789 0.5189176201820374 1867
1696444905846 0.0543990358710289 1868
1696444905903 0.28887832164764404 1869
1696444905959 0.5034236907958984 1870
1696444906012 0.5047354102134705 1871
1696444906064 0.4445524513721466 1872
1696444911935 0.5238574147224426 1873
1696444911992 0.37605521082878113 1874
1696444912049 0.5033604502677917 1875
1696444912107 0.29197773337364197 1876
1696444912163 0.5083701610565186 1877
1696444912220 1.2144016027450562 1878
1696444912278 0.5067145228385925 1879
1696444912334 0.5438075065612793 1880
1696444912391 0.49762028455734253 1881
1696444912449 0.20845168828964233 1882
1696444912507 0.518577516078949 1883
1696444912564 0.1819496601819992 1884
1696444912621 0.517388105392456 1885
1696444912678 0.515335202217102 1886
1696444912735 0.5149393677711487 1887
1696444912792 0.505943238735199 1888
1696444912850 0.35138267278671265 1889
1696444912907 0.18053653836250305 1890
1696444912964 0.22611355781555176 1891
1696444913021 0.4467923045158386 1892
1696444913079 0.22725124657154083 1893
1696444913136 0.17948822677135468 1894
1696444913189 0.12086132913827896 1895
1696444913243 0.1446247696876526 1896
1696444919147 0.21559220552444458 1897
1696444919206 0.3397354483604431 1898
1696444919263 0.10030470043420792 1899
1696444919323 0.5041412711143494 1900
1696444919380 0.40436169505119324 1901
1696444919437 0.5173942446708679 1902
1696444919494 0.5054792165756226 1903
1696444919552 0.39729511737823486 1904
1696444919609 0.14031317830085754 1905
1696444919669 0.07193296402692795 1906
1696444919730 0.14643901586532593 1907
1696444919789 0.23900461196899414 1908
1696444919848 0.5031310319900513 1909
1696444919908 0.11581512540578842 1910
1696444919966 0.30225980281829834 1911
1696444920023 0.26944223046302795 1912
1696444920082 0.19120758771896362 1913
1696444920138 0.5036126375198364 1914
1696444920195 0.20048503577709198 1915
1696444920251 0.5087301135063171 1916
1696444920309 0.5134839415550232 1917
1696444920367 0.5062028169631958 1918
1696444920420 0.5045710802078247 1919
1696444920472 0.5044715404510498 1920
1696444926388 0.5037387609481812 1921
1696444926446 0.5068290829658508 1922
1696444926504 0.6829302310943604 1923
1696444926565 0.5101879835128784 1924
1696444926626 0.20813561975955963 1925
1696444926687 0.1536465585231781 1926
1696444926748 0.5044984221458435 1927
1696444926809 0.5103840231895447 1928
1696444926871 0.09307099878787994 1929
1696444926930 0.5137320756912231 1930
1696444926986 0.5045464634895325 1931
1696444927044 0.5105381011962891 1932
1696444927101 0.5037853717803955 1933
1696444927159 0.23212963342666626 1934
1696444927216 0.198956698179245 1935
1696444927273 0.14957329630851746 1936
1696444927329 0.5061905980110168 1937
1696444927389 0.5091825723648071 1938
1696444927446 0.5089420080184937 1939
1696444927504 0.5075547695159912 1940
1696444927563 0.09942039847373962 1941
1696444927621 0.19904643297195435 1942
1696444927675 0.5048205852508545 1943
1696444927730 0.12293848395347595 1944
1696444933644 0.15473535656929016 1945
1696444933702 0.14321056008338928 1946
1696444933760 0.520940363407135 1947
1696444933817 0.5063134431838989 1948
1696444933875 0.22825887799263 1949
1696444933932 0.5029597878456116 1950
1696444933990 0.5043520331382751 1951
1696444934048 0.5043345093727112 1952
1696444934106 0.1325281858444214 1953
1696444934164 0.17881712317466736 1954
1696444934224 0.5035524964332581 1955
1696444934282 0.5110188722610474 1956
1696444934341 0.3217267096042633 1957
1696444934401 0.3495355248451233 1958
1696444934459 0.2193509191274643 1959
1696444934516 0.5028440952301025 1960
1696444934574 0.44761916995048523 1961
1696444934632 0.5336745381355286 1962
1696444934690 0.33890217542648315 1963
1696444934747 0.5917494893074036 1964
1696444934804 0.5092456936836243 1965
1696444934861 0.5230310559272766 1966
1696444934915 0.2253584861755371 1967
1696444934967 0.19333788752555847 1968
1696444940799 0.5029883980751038 1969
1696444940857 0.25636884570121765 1970
1696444940914 0.10767558962106705 1971
1696444940970 0.5060785412788391 1972
1696444941027 0.5179310441017151 1973
1696444941084 0.5354862809181213 1974
1696444941142 0.5078309178352356 1975
1696444941200 0.14250069856643677 1976
1696444941258 0.1666157841682434 1977
1696444941316 0.4563663601875305 1978
1696444941373 0.5055157542228699 1979
1696444941431 0.1045512706041336 1980
1696444941489 0.15289032459259033 1981
1696444941547 0.5217678546905518 1982
1696444941605 0.5231368541717529 1983
1696444941663 0.059770699590444565 1984
1696444941721 0.5053427219390869 1985
1696444941779 0.5035209059715271 1986
1696444941837 0.5030933022499084 1987
1696444941895 0.34631791710853577 1988
1696444941952 0.2743988633155823 1989
1696444942010 0.1148272380232811 1990
1696444942063 0.5057592988014221 1991
1696444942116 0.5033721327781677 1992
1696444948038 0.43171846866607666 1993
1696444948096 0.5138276815414429 1994
1696444948153 0.5177345275878906 1995
1696444948210 0.5034092664718628 1996
1696444948266 0.5093069076538086 1997
1696444948323 0.26636290550231934 1998
1696444948383 0.2246367484331131 1999
1696444948440 0.5120468139648438 2000
1696444948499 0.5110839009284973 2001
1696444948557 0.5292679071426392 2002
1696444948615 0.5260612368583679 2003
1696444948672 0.11458204686641693 2004
1696444948730 0.49966931343078613 2005
1696444948788 0.21758103370666504 2006
1696444948844 0.2404102236032486 2007
1696444948901 0.49709460139274597 2008
1696444948959 0.24939094483852386 2009
1696444949018 0.24333111941814423 2010
1696444949075 0.5208854079246521 2011
1696444949132 0.526645302772522 2012
1696444949188 0.4923059940338135 2013
1696444949246 0.3781241774559021 2014
1696444949299 0.38185855746269226 2015
1696444949351 0.5097892880439758 2016
1696444955179 0.5097240805625916 2017
1696444955236 0.50642329454422 2018
1696444955294 0.11738279461860657 2019
1696444955352 0.3756828308105469 2020
1696444955409 0.08040240406990051 2021
1696444955466 0.5043205618858337 2022
1696444955523 0.13562175631523132 2023
1696444955584 0.356031596660614 2024
1696444955642 0.5045228600502014 2025
1696444955701 0.20290672779083252 2026
1696444955759 0.13339701294898987 2027
1696444955816 0.5043126344680786 2028
1696444955874 0.10973329842090607 2029
1696444955931 0.12489994615316391 2030
1696444955986 0.5046066641807556 2031
1696444956042 0.5174463391304016 2032
1696444956099 0.49471795558929443 2033
1696444956155 0.531482458114624 2034
1696444956213 0.4534122347831726 2035
1696444956269 0.5108158588409424 2036
1696444956325 0.5342440605163574 2037
1696444956382 0.3913818597793579 2038
1696444956434 0.503524899482727 2039
1696444956487 0.1627960205078125 2040
1696444962522 0.5068650245666504 2041
1696444962581 0.15379875898361206 2042
1696444962639 0.16546690464019775 2043
1696444962697 0.5094100832939148 2044
1696444962755 0.5044881701469421 2045
1696444962813 0.5066194534301758 2046
1696444962872 0.5841490030288696 2047
1696444962929 0.5057478547096252 2048
1696444962988 0.3964216411113739 2049
1696444963046 0.09956314414739609 2050
1696444963103 0.10341282188892365 2051
1696444963160 0.41846129298210144 2052
1696444963217 0.1549840122461319 2053
1696444963274 0.26452121138572693 2054
1696444963331 0.5088555812835693 2055
1696444963388 0.5096025466918945 2056
1696444963446 0.42249032855033875 2057
1696444963502 0.5039486885070801 2058
1696444963559 0.5044595003128052 2059
1696444963616 0.5034505724906921 2060
1696444963675 0.5043162703514099 2061
1696444963737 0.20656925439834595 2062
1696444963789 0.5074046850204468 2063
1696444963842 0.39092788100242615 2064
1696444969698 0.2916964292526245 2065
1696444969755 0.5032504796981812 2066
1696444969813 0.204765185713768 2067
1696444969871 0.19791842997074127 2068
1696444969929 0.503658652305603 2069
1696444969986 0.38608551025390625 2070
1696444970043 0.5096147060394287 2071
1696444970100 0.11392907053232193 2072
1696444970156 0.5047056078910828 2073
1696444970214 0.3057481646537781 2074
1696444970272 0.4099707305431366 2075
1696444970331 0.5052357912063599 2076
1696444970390 0.18727751076221466 2077
1696444970447 0.5055233836174011 2078
1696444970504 0.20685788989067078 2079
1696444970561 0.505543053150177 2080
1696444970618 0.5031859278678894 2081
1696444970677 0.107481449842453 2082
1696444970734 0.510841965675354 2083
1696444970791 0.5093463063240051 2084
1696444970849 0.1419469714164734 2085
1696444970907 0.2208833396434784 2086
1696444970962 0.11843512207269669 2087
1696444971016 0.12920457124710083 2088
1696444976852 0.5129626393318176 2089
1696444976910 0.20139385759830475 2090
1696444976968 0.14893370866775513 2091
1696444977025 0.5051854252815247 2092
1696444977083 0.27471327781677246 2093
1696444977140 0.11445805430412292 2094
1696444977196 0.5040833950042725 2095
1696444977254 0.12755504250526428 2096
1696444977311 1.1129851341247559 2097
1696444977370 0.5049446821212769 2098
1696444977427 0.5044553279876709 2099
1696444977484 0.5122776627540588 2100
1696444977543 0.3457183837890625 2101
1696444977600 0.5301445722579956 2102
1696444977658 0.21863919496536255 2103
1696444977715 0.14046204090118408 2104
1696444977775 0.5044704079627991 2105
1696444977837 0.19441930949687958 2106
1696444977895 0.41486459970474243 2107
1696444977952 0.3755591809749603 2108
1696444978010 0.08792323619127274 2109
1696444978068 0.14743544161319733 2110
1696444978121 0.2068381905555725 2111
1696444978174 0.1934809684753418 2112
1696444984092 0.5042998790740967 2113
1696444984151 0.26366835832595825 2114
1696444984209 0.06398148834705353 2115
1696444984269 0.5038697719573975 2116
1696444984330 0.5086992383003235 2117
1696444984390 0.5036017298698425 2118
1696444984449 0.5051608681678772 2119
1696444984510 0.6936037540435791 2120
1696444984570 0.5040416717529297 2121
1696444984631 0.15275311470031738 2122
1696444984691 0.5125499367713928 2123
1696444984751 0.5086430311203003 2124
1696444984811 0.504494309425354 2125
1696444984872 0.2338806390762329 2126
1696444984932 0.5078311562538147 2127
1696444984992 0.643813967704773 2128
1696444985053 0.5052368640899658 2129
1696444985114 0.5052781105041504 2130
1696444985175 0.0883447527885437 2131
1696444985239 0.1527857780456543 2132
1696444985298 0.21894662082195282 2133
1696444985356 0.5071651339530945 2134
1696444985409 0.5032442808151245 2135
1696444985463 0.28591805696487427 2136
1696444991327 0.5033336877822876 2137
1696444991388 0.3406166136264801 2138
1696444991446 0.5038465261459351 2139
1696444991504 0.5045038461685181 2140
1696444991562 0.18108689785003662 2141
1696444991620 0.5036618113517761 2142
1696444991679 0.29780668020248413 2143
1696444991737 0.1874435693025589 2144
1696444991793 0.5037709474563599 2145
1696444991850 0.5039026737213135 2146
1696444991907 0.4303375482559204 2147
1696444991965 0.07243774831295013 2148
1696444992024 0.2938902974128723 2149
1696444992082 0.5033077001571655 2150
1696444992140 0.5183557868003845 2151
1696444992198 0.33143460750579834 2152
1696444992257 0.5468626022338867 2153
1696444992315 0.10488954931497574 2154
1696444992373 0.07977978885173798 2155
1696444992431 0.13007758557796478 2156
1696444992489 0.17804627120494843 2157
1696444992547 0.16044536232948303 2158
1696444992601 0.3296438157558441 2159
1696444992655 0.5032236576080322 2160
1696444998538 0.5034592747688293 2161
1696444998595 0.5030491352081299 2162
1696444998655 0.16249282658100128 2163
1696444998713 0.1360151767730713 2164
1696444998770 0.157085582613945 2165
1696444998827 0.2302233874797821 2166
1696444998883 0.5032042860984802 2167
1696444998941 0.20273779332637787 2168
1696444998998 0.5125489234924316 2169
1696444999054 0.5035088062286377 2170
1696444999111 0.6312758922576904 2171
1696444999167 0.5026923418045044 2172
1696444999223 0.5451715588569641 2173
1696444999281 0.2070392370223999 2174
1696444999337 0.5205876231193542 2175
1696444999394 0.578707754611969 2176
1696444999451 0.5073519945144653 2177
1696444999509 0.12786254286766052 2178
1696444999566 0.5096641182899475 2179
1696444999623 0.5967633724212646 2180
1696444999682 0.5143521428108215 2181
1696444999743 0.20903588831424713 2182
1696444999801 0.1868298500776291 2183
1696444999855 0.5033537745475769 2184
1696445005780 0.26206815242767334 2185
1696445005838 0.16675549745559692 2186
1696445005896 0.26193612813949585 2187
1696445005954 0.5033153295516968 2188
1696445006012 0.41178688406944275 2189
1696445006068 0.3716902434825897 2190
1696445006126 0.20195600390434265 2191
1696445006182 0.19797581434249878 2192
1696445006239 0.504381537437439 2193
1696445006296 0.5043349862098694 2194
1696445006353 0.16505001485347748 2195
1696445006409 0.5032089352607727 2196
1696445006466 0.16196715831756592 2197
1696445006523 0.5029004812240601 2198
1696445006580 0.5033240914344788 2199
1696445006637 0.5662521719932556 2200
1696445006694 0.533780574798584 2201
1696445006753 0.4257594645023346 2202
1696445006810 0.502632200717926 2203
1696445006867 0.5080252289772034 2204
1696445006925 0.4107867479324341 2205
1696445006983 0.28637582063674927 2206
1696445007036 0.44898247718811035 2207
1696445007089 0.1103525459766388 2208
1696445013003 0.19162611663341522 2209
1696445013062 0.41883277893066406 2210
1696445013120 0.2906434237957001 2211
1696445013178 0.5025802254676819 2212
1696445013236 0.3682194948196411 2213
1696445013294 0.48282498121261597 2214
1696445013352 0.16930782794952393 2215
1696445013410 0.5697094798088074 2216
1696445013467 0.08762453496456146 2217
1696445013524 0.5094264149665833 2218
1696445013582 0.5771036744117737 2219
1696445013639 0.5057089924812317 2220
1696445013697 0.18191176652908325 2221
1696445013755 0.5147687792778015 2222
1696445013812 0.32842350006103516 2223
1696445013869 0.11536473780870438 2224
1696445013927 0.5047924518585205 2225
1696445013984 0.32162314653396606 2226
1696445014041 0.1227061003446579 2227
1696445014099 0.5037449598312378 2228
1696445014157 0.17307695746421814 2229
1696445014215 0.20003154873847961 2230
1696445014268 0.1019953191280365 2231
1696445014321 0.25468820333480835 2232
1696445020351 0.20115254819393158 2233
1696445020409 0.5039979219436646 2234
1696445020467 0.5089498162269592 2235
1696445020525 0.4204358458518982 2236
1696445020584 0.504192054271698 2237
1696445020642 0.5042973160743713 2238
1696445020702 0.20235967636108398 2239
1696445020760 0.08010701835155487 2240
1696445020817 0.519116997718811 2241
1696445020875 0.5069870352745056 2242
1696445020933 0.5321361422538757 2243
1696445020991 0.16615737974643707 2244
1696445021049 0.45397189259529114 2245
1696445021108 0.12192902714014053 2246
1696445021167 0.12336928397417068 2247
1696445021224 0.5037623047828674 2248
1696445021282 0.5032659769058228 2249
1696445021340 0.151509627699852 2250
1696445021398 0.5137327909469604 2251
1696445021457 0.16691522300243378 2252
1696445021518 0.24893328547477722 2253
1696445021577 0.5046809911727905 2254
1696445021632 0.5006119012832642 2255
1696445021686 0.1331045925617218 2256
1696445027605 0.5030872225761414 2257
1696445027665 0.5035145282745361 2258
1696445027723 0.5032919049263 2259
1696445027781 0.10079193860292435 2260
1696445027839 0.13020795583724976 2261
1696445027896 0.5039888620376587 2262
1696445027953 0.04389186576008797 2263
1696445028011 0.23153290152549744 2264
1696445028067 0.5039089322090149 2265
1696445028123 0.16123461723327637 2266
1696445028181 0.18599651753902435 2267
1696445028238 0.5037804841995239 2268
1696445028296 0.050811007618904114 2269
1696445028355 0.5024330019950867 2270
1696445028415 0.5139315724372864 2271
1696445028474 0.5042628049850464 2272
1696445028532 0.1676291823387146 2273
1696445028591 0.5042062997817993 2274
1696445028650 0.22701263427734375 2275
1696445028709 0.31625252962112427 2276
1696445028766 0.15419387817382812 2277
1696445028823 0.5040918588638306 2278
1696445028875 0.5031750798225403 2279
1696445028928 0.4979846179485321 2280
1696445034758 0.5031413435935974 2281
1696445034817 0.11313724517822266 2282
1696445034874 0.18323539197444916 2283
1696445034932 0.6244966387748718 2284
1696445034989 0.2348867803812027 2285
1696445035046 0.5042653679847717 2286
1696445035102 0.5085428953170776 2287
1696445035159 0.3127148449420929 2288
1696445035215 0.10911156982183456 2289
1696445035272 0.18570515513420105 2290
1696445035330 0.42514047026634216 2291
1696445035388 0.20466774702072144 2292
1696445035445 0.15008804202079773 2293
1696445035501 0.4419233798980713 2294
1696445035558 0.5065063834190369 2295
1696445035614 0.5048037171363831 2296
1696445035672 0.20208460092544556 2297
1696445035729 0.5050778985023499 2298
1696445035787 0.5138791799545288 2299
1696445035844 0.4797726571559906 2300
1696445035901 0.5048438310623169 2301
1696445035958 0.31365591287612915 2302
1696445036011 0.059456225484609604 2303
1696445036063 0.5028292536735535 2304
1696445041979 0.6299315690994263 2305
1696445042037 0.23780551552772522 2306
1696445042094 0.5030781626701355 2307
1696445042151 0.4969858229160309 2308
1696445042209 0.5032743215560913 2309
1696445042267 0.5055257081985474 2310
1696445042325 0.3413851261138916 2311
1696445042382 0.5036413669586182 2312
1696445042440 0.49071529507637024 2313
1696445042497 0.503201961517334 2314
1696445042554 0.17973968386650085 2315
1696445042612 0.4568706154823303 2316
1696445042671 0.3000813126564026 2317
1696445042729 0.5028712153434753 2318
1696445042787 0.5067355036735535 2319
1696445042845 0.5026487112045288 2320
1696445042903 0.08517693728208542 2321
1696445042959 0.504457950592041 2322
1696445043020 0.32154080271720886 2323
1696445043078 0.1254754364490509 2324
1696445043134 0.5061551928520203 2325
1696445043192 0.5058370232582092 2326
1696445043246 0.10114035755395889 2327
1696445043299 0.5039154887199402 2328
1696445049178 0.5077710747718811 2329
1696445049236 0.45500195026397705 2330
1696445049294 0.5160048604011536 2331
1696445049351 0.13046975433826447 2332
1696445049409 0.11727093160152435 2333
1696445049469 0.503111720085144 2334
1696445049530 0.12543615698814392 2335
1696445049587 0.5075623989105225 2336
1696445049645 0.5082083344459534 2337
1696445049706 0.522720217704773 2338
1696445049776 0.5066491365432739 2339
1696445049836 0.29865869879722595 2340
1696445049895 0.5089823007583618 2341
1696445049954 0.5229867100715637 2342
1696445050012 0.2542457580566406 2343
1696445050068 0.513500988483429 2344
1696445050126 0.2492254227399826 2345
1696445050185 0.1292053759098053 2346
1696445050242 0.22208207845687866 2347
1696445050299 0.1786445677280426 2348
1696445050358 0.5057398676872253 2349
1696445050415 0.50298672914505 2350
1696445050468 0.5332413911819458 2351
1696445050522 0.504140317440033 2352
1696445056433 0.1632399559020996 2353
1696445056491 0.12320142239332199 2354
1696445056549 0.11202140897512436 2355
1696445056607 0.09177281707525253 2356
1696445056667 0.5209552049636841 2357
1696445056727 0.20061102509498596 2358
1696445056786 0.5048320293426514 2359
1696445056845 0.13568727672100067 2360
1696445056903 0.5102814435958862 2361
1696445056962 0.847805917263031 2362
1696445057020 0.4122539162635803 2363
1696445057078 0.07635325193405151 2364
1696445057135 0.5074712634086609 2365
1696445057193 0.47066012024879456 2366
1696445057254 0.1214744821190834 2367
1696445057314 0.44176268577575684 2368
1696445057371 0.5132681131362915 2369
1696445057429 0.19551636278629303 2370
1696445057486 0.5135809779167175 2371
1696445057545 0.31466761231422424 2372
1696445057604 0.33378690481185913 2373
1696445057663 0.5051583051681519 2374
1696445057719 0.42704272270202637 2375
1696445057771 0.5043302178382874 2376
1696445063613 1.321652889251709 2377
1696445063671 0.3637590706348419 2378
1696445063729 0.14925049245357513 2379
1696445063786 0.4797307550907135 2380
1696445063842 0.5068215727806091 2381
1696445063900 0.6333417892456055 2382
1696445063958 0.5341207981109619 2383
1696445064015 0.5093979239463806 2384
1696445064072 0.13737675547599792 2385
1696445064130 0.22436949610710144 2386
1696445064187 0.523619532585144 2387
1696445064243 0.503481388092041 2388
1696445064300 0.5111879110336304 2389
1696445064359 0.1414923369884491 2390
1696445064416 0.5078050494194031 2391
1696445064474 0.42544466257095337 2392
1696445064530 0.5029708743095398 2393
1696445064587 0.5365545749664307 2394
1696445064645 0.3964613676071167 2395
1696445064704 0.2071221023797989 2396
1696445064762 0.34262824058532715 2397
1696445064819 0.504628598690033 2398
1696445064872 0.39895695447921753 2399
1696445064925 0.1756528615951538 2400
