1696444352828 0.0001 1
1696444352890 0.0001 2
1696444352950 0.0001 3
1696444353008 0.0001 4
1696444353064 0.0001 5
1696444353121 0.0001 6
1696444353178 0.0001 7
1696444353234 0.0001 8
1696444353291 0.0001 9
1696444353348 0.0001 10
1696444353406 0.0001 11
1696444353462 0.0001 12
1696444353519 0.0001 13
1696444353576 0.0001 14
1696444353634 0.0001 15
1696444353693 0.0001 16
1696444353751 0.0001 17
1696444353808 0.0001 18
1696444353864 0.0001 19
1696444353921 0.0001 20
1696444353978 0.0001 21
1696444354036 0.0001 22
1696444354088 0.0001 23
1696444354141 0.0001 24
1696444360197 0.0001 25
1696444360255 0.0001 26
1696444360312 0.0001 27
1696444360370 0.0001 28
1696444360429 0.0001 29
1696444360488 0.0001 30
1696444360546 0.0001 31
1696444360608 0.0001 32
1696444360669 0.0001 33
1696444360729 0.0001 34
1696444360790 0.0001 35
1696444360850 0.0001 36
1696444360910 0.0001 37
1696444360971 0.0001 38
1696444361031 0.0001 39
1696444361091 0.0001 40
1696444361151 0.0001 41
1696444361211 0.0001 42
1696444361270 0.0001 43
1696444361330 0.0001 44
1696444361391 0.0001 45
1696444361450 0.0001 46
1696444361504 0.0001 47
1696444361558 0.0001 48
1696444367534 0.0001 49
1696444367591 0.0001 50
1696444367648 0.0001 51
1696444367706 0.0001 52
1696444367763 0.0001 53
1696444367822 0.0001 54
1696444367880 0.0001 55
1696444367938 0.0001 56
1696444367996 0.0001 57
1696444368053 0.0001 58
1696444368109 0.0001 59
1696444368167 0.0001 60
1696444368225 0.0001 61
1696444368283 0.0001 62
1696444368340 0.0001 63
1696444368401 0.0001 64
1696444368460 0.0001 65
1696444368518 0.0001 66
1696444368575 0.0001 67
1696444368633 0.0001 68
1696444368691 0.0001 69
1696444368749 0.0001 70
1696444368804 0.0001 71
1696444368857 0.0001 72
1696444374723 0.0001 73
1696444374780 0.0001 74
1696444374839 0.0001 75
1696444374897 0.0001 76
1696444374955 0.0001 77
1696444375013 0.0001 78
1696444375072 0.0001 79
1696444375130 0.0001 80
1696444375188 0.0001 81
1696444375246 0.0001 82
1696444375304 0.0001 83
1696444375363 0.0001 84
1696444375421 0.0001 85
1696444375479 0.0001 86
1696444375536 0.0001 87
1696444375594 0.0001 88
1696444375650 0.0001 89
1696444375706 0.0001 90
1696444375764 0.0001 91
1696444375822 0.0001 92
1696444375879 0.0001 93
1696444375936 0.0001 94
1696444375989 0.0001 95
1696444376042 0.0001 96
1696444381820 0.0001 97
1696444381878 0.0001 98
1696444381935 0.0001 99
1696444381992 0.0001 100
1696444382049 0.0001 101
1696444382106 0.0001 102
1696444382164 0.0001 103
1696444382224 0.0001 104
1696444382283 0.0001 105
1696444382341 0.0001 106
1696444382398 0.0001 107
1696444382456 0.0001 108
1696444382513 0.0001 109
1696444382571 0.0001 110
1696444382628 0.0001 111
1696444382686 0.0001 112
1696444382744 0.0001 113
1696444382802 0.0001 114
1696444382860 0.0001 115
1696444382917 0.0001 116
1696444382973 0.0001 117
1696444383030 0.0001 118
1696444383083 0.0001 119
1696444383138 0.0001 120
1696444389026 0.0001 121
1696444389085 0.0001 122
1696444389143 0.0001 123
1696444389200 0.0001 124
1696444389260 0.0001 125
1696444389319 0.0001 126
1696444389377 0.0001 127
1696444389435 0.0001 128
1696444389493 0.0001 129
1696444389551 0.0001 130
1696444389608 0.0001 131
1696444389666 0.0001 132
1696444389722 0.0001 133
1696444389780 0.0001 134
1696444389837 0.0001 135
1696444389893 0.0001 136
1696444389950 0.0001 137
1696444390007 0.0001 138
1696444390064 0.0001 139
1696444390121 0.0001 140
1696444390180 0.0001 141
1696444390238 0.0001 142
1696444390294 0.0001 143
1696444390347 0.0001 144
1696444396092 0.0001 145
1696444396149 0.0001 146
1696444396205 0.0001 147
1696444396262 0.0001 148
1696444396319 0.0001 149
1696444396377 0.0001 150
1696444396434 0.0001 151
1696444396492 0.0001 152
1696444396549 0.0001 153
1696444396607 0.0001 154
1696444396664 0.0001 155
1696444396721 0.0001 156
1696444396778 0.0001 157
1696444396838 0.0001 158
1696444396896 0.0001 159
1696444396954 0.0001 160
1696444397012 0.0001 161
1696444397069 0.0001 162
1696444397127 0.0001 163
1696444397186 0.0001 164
1696444397243 0.0001 165
1696444397301 0.0001 166
1696444397353 0.0001 167
1696444397406 0.0001 168
1696444403234 0.0001 169
1696444403291 0.0001 170
1696444403348 0.0001 171
1696444403404 0.0001 172
1696444403462 0.0001 173
1696444403519 0.0001 174
1696444403577 0.0001 175
1696444403635 0.0001 176
1696444403694 0.0001 177
1696444403751 0.0001 178
1696444403809 0.0001 179
1696444403866 0.0001 180
1696444403922 0.0001 181
1696444403978 0.0001 182
1696444404036 0.0001 183
1696444404094 0.0001 184
1696444404151 0.0001 185
1696444404210 0.0001 186
1696444404266 0.0001 187
1696444404323 0.0001 188
1696444404380 0.0001 189
1696444404437 0.0001 190
1696444404490 0.0001 191
1696444404542 0.0001 192
1696444410317 0.0001 193
1696444410378 0.0001 194
1696444410436 0.0001 195
1696444410495 0.0001 196
1696444410555 0.0001 197
1696444410613 0.0001 198
1696444410670 0.0001 199
1696444410727 0.0001 200
1696444410786 0.0001 201
1696444410843 0.0001 202
1696444410902 0.0001 203
1696444410962 0.0001 204
1696444411022 0.0001 205
1696444411082 0.0001 206
1696444411141 0.0001 207
1696444411201 0.0001 208
1696444411261 0.0001 209
1696444411322 0.0001 210
1696444411383 0.0001 211
1696444411442 0.0001 212
1696444411504 0.0001 213
1696444411565 0.0001 214
1696444411617 0.0001 215
1696444411669 0.0001 216
1696444417491 0.0001 217
1696444417548 0.0001 218
1696444417606 0.0001 219
1696444417663 0.0001 220
1696444417720 0.0001 221
1696444417781 0.0001 222
1696444417838 0.0001 223
1696444417899 0.0001 224
1696444417958 0.0001 225
1696444418014 0.0001 226
1696444418071 0.0001 227
1696444418128 0.0001 228
1696444418184 0.0001 229
1696444418240 0.0001 230
1696444418296 0.0001 231
1696444418352 0.0001 232
1696444418409 0.0001 233
1696444418467 0.0001 234
1696444418523 0.0001 235
1696444418580 0.0001 236
1696444418638 0.0001 237
1696444418695 0.0001 238
1696444418748 0.0001 239
1696444418802 0.0001 240
1696444424537 0.0001 241
1696444424595 0.0001 242
1696444424652 0.0001 243
1696444424710 0.0001 244
1696444424768 0.0001 245
1696444424825 0.0001 246
1696444424882 0.0001 247
1696444424938 0.0001 248
1696444424995 0.0001 249
1696444425052 0.0001 250
1696444425107 0.0001 251
1696444425164 0.0001 252
1696444425220 0.0001 253
1696444425279 0.0001 254
1696444425336 0.0001 255
1696444425393 0.0001 256
1696444425450 0.0001 257
1696444425508 0.0001 258
1696444425568 0.0001 259
1696444425626 0.0001 260
1696444425683 0.0001 261
1696444425741 0.0001 262
1696444425794 0.0001 263
1696444425846 0.0001 264
1696444431710 0.0001 265
1696444431767 0.0001 266
1696444431824 0.0001 267
1696444431880 0.0001 268
1696444431936 0.0001 269
1696444431993 0.0001 270
1696444432049 0.0001 271
1696444432106 0.0001 272
1696444432163 0.0001 273
1696444432220 0.0001 274
1696444432278 0.0001 275
1696444432334 0.0001 276
1696444432392 0.0001 277
1696444432450 0.0001 278
1696444432507 0.0001 279
1696444432566 0.0001 280
1696444432624 0.0001 281
1696444432682 0.0001 282
1696444432741 0.0001 283
1696444432799 0.0001 284
1696444432856 0.0001 285
1696444432913 0.0001 286
1696444432966 0.0001 287
1696444433019 0.0001 288
1696444438866 0.0001 289
1696444438923 0.0001 290
1696444438980 0.0001 291
1696444439036 0.0001 292
1696444439092 0.0001 293
1696444439148 0.0001 294
1696444439206 0.0001 295
1696444439263 0.0001 296
1696444439320 0.0001 297
1696444439376 0.0001 298
1696444439434 0.0001 299
1696444439492 0.0001 300
1696444439549 0.0001 301
1696444439606 0.0001 302
1696444439663 0.0001 303
1696444439722 0.0001 304
1696444439779 0.0001 305
1696444439835 0.0001 306
1696444439891 0.0001 307
1696444439948 0.0001 308
1696444440005 0.0001 309
1696444440063 0.0001 310
1696444440117 0.0001 311
1696444440169 0.0001 312
1696444445994 0.0001 313
1696444446051 0.0001 314
1696444446109 0.0001 315
1696444446167 0.0001 316
1696444446223 0.0001 317
1696444446281 0.0001 318
1696444446338 0.0001 319
1696444446395 0.0001 320
1696444446452 0.0001 321
1696444446508 0.0001 322
1696444446564 0.0001 323
1696444446622 0.0001 324
1696444446680 0.0001 325
1696444446738 0.0001 326
1696444446794 0.0001 327
1696444446851 0.0001 328
1696444446907 0.0001 329
1696444446963 0.0001 330
1696444447021 0.0001 331
1696444447079 0.0001 332
1696444447136 0.0001 333
1696444447193 0.0001 334
1696444447244 0.0001 335
1696444447296 0.0001 336
1696444453229 0.0001 337
1696444453288 0.0001 338
1696444453346 0.0001 339
1696444453402 0.0001 340
1696444453460 0.0001 341
1696444453519 0.0001 342
1696444453578 0.0001 343
1696444453636 0.0001 344
1696444453694 0.0001 345
1696444453758 0.0001 346
1696444453819 0.0001 347
1696444453880 0.0001 348
1696444453941 0.0001 349
1696444454001 0.0001 350
1696444454061 0.0001 351
1696444454121 0.0001 352
1696444454181 0.0001 353
1696444454241 0.0001 354
1696444454302 0.0001 355
1696444454360 0.0001 356
1696444454420 0.0001 357
1696444454479 0.0001 358
1696444454533 0.0001 359
1696444454589 0.0001 360
1696444460455 0.0001 361
1696444460512 0.0001 362
1696444460569 0.0001 363
1696444460626 0.0001 364
1696444460683 0.0001 365
1696444460740 0.0001 366
1696444460796 0.0001 367
1696444460854 0.0001 368
1696444460910 0.0001 369
1696444460968 0.0001 370
1696444461027 0.0001 371
1696444461086 0.0001 372
1696444461143 0.0001 373
1696444461200 0.0001 374
1696444461257 0.0001 375
1696444461316 0.0001 376
1696444461377 0.0001 377
1696444461437 0.0001 378
1696444461495 0.0001 379
1696444461553 0.0001 380
1696444461610 0.0001 381
1696444461671 0.0001 382
1696444461725 0.0001 383
1696444461777 0.0001 384
1696444467580 0.0001 385
1696444467638 0.0001 386
1696444467695 0.0001 387
1696444467752 0.0001 388
1696444467810 0.0001 389
1696444467867 0.0001 390
1696444467924 0.0001 391
1696444467980 0.0001 392
1696444468037 0.0001 393
1696444468095 0.0001 394
1696444468152 0.0001 395
1696444468209 0.0001 396
1696444468267 0.0001 397
1696444468323 0.0001 398
1696444468381 0.0001 399
1696444468438 0.0001 400
1696444468495 0.0001 401
1696444468553 0.0001 402
1696444468610 0.0001 403
1696444468668 0.0001 404
1696444468732 0.0001 405
1696444468793 0.0001 406
1696444468846 0.0001 407
1696444468898 0.0001 408
1696444474687 0.0001 409
1696444474745 0.0001 410
1696444474801 0.0001 411
1696444474858 0.0001 412
1696444474914 0.0001 413
1696444474971 0.0001 414
1696444475028 0.0001 415
1696444475085 0.0001 416
1696444475142 0.0001 417
1696444475198 0.0001 418
1696444475256 0.0001 419
1696444475313 0.0001 420
1696444475372 0.0001 421
1696444475429 0.0001 422
1696444475489 0.0001 423
1696444475546 0.0001 424
1696444475604 0.0001 425
1696444475660 0.0001 426
1696444475718 0.0001 427
1696444475777 0.0001 428
1696444475834 0.0001 429
1696444475891 0.0001 430
1696444475945 0.0001 431
1696444475997 0.0001 432
1696444481845 0.0001 433
1696444481904 0.0001 434
1696444481962 0.0001 435
1696444482021 0.0001 436
1696444482078 0.0001 437
1696444482136 0.0001 438
1696444482194 0.0001 439
1696444482253 0.0001 440
1696444482311 0.0001 441
1696444482370 0.0001 442
1696444482429 0.0001 443
1696444482488 0.0001 444
1696444482546 0.0001 445
1696444482606 0.0001 446
1696444482668 0.0001 447
1696444482730 0.0001 448
1696444482788 0.0001 449
1696444482846 0.0001 450
1696444482904 0.0001 451
1696444482962 0.0001 452
1696444483019 0.0001 453
1696444483077 0.0001 454
1696444483130 0.0001 455
1696444483182 0.0001 456
1696444488976 0.0001 457
1696444489033 0.0001 458
1696444489091 0.0001 459
1696444489149 0.0001 460
1696444489208 0.0001 461
1696444489266 0.0001 462
1696444489323 0.0001 463
1696444489381 0.0001 464
1696444489438 0.0001 465
1696444489496 0.0001 466
1696444489554 0.0001 467
1696444489612 0.0001 468
1696444489672 0.0001 469
1696444489731 0.0001 470
1696444489788 0.0001 471
1696444489846 0.0001 472
1696444489903 0.0001 473
1696444489960 0.0001 474
1696444490018 0.0001 475
1696444490077 0.0001 476
1696444490135 0.0001 477
1696444490193 0.0001 478
1696444490247 0.0001 479
1696444490300 0.0001 480
1696444496159 0.0001 481
1696444496215 0.0001 482
1696444496272 0.0001 483
1696444496329 0.0001 484
1696444496386 0.0001 485
1696444496445 0.0001 486
1696444496503 0.0001 487
1696444496560 0.0001 488
1696444496618 0.0001 489
1696444496675 0.0001 490
1696444496736 0.0001 491
1696444496795 0.0001 492
1696444496852 0.0001 493
1696444496910 0.0001 494
1696444496966 0.0001 495
1696444497025 0.0001 496
1696444497082 0.0001 497
1696444497139 0.0001 498
1696444497196 0.0001 499
1696444497253 0.0001 500
1696444497310 0.0001 501
1696444497366 0.0001 502
1696444497419 0.0001 503
1696444497471 0.0001 504
1696444503248 0.0001 505
1696444503305 0.0001 506
1696444503363 0.0001 507
1696444503422 0.0001 508
1696444503480 0.0001 509
1696444503537 0.0001 510
1696444503597 0.0001 511
1696444503655 0.0001 512
1696444503714 0.0001 513
1696444503773 0.0001 514
1696444503831 0.0001 515
1696444503890 0.0001 516
1696444503947 0.0001 517
1696444504005 0.0001 518
1696444504063 0.0001 519
1696444504122 0.0001 520
1696444504181 0.0001 521
1696444504239 0.0001 522
1696444504297 0.0001 523
1696444504354 0.0001 524
1696444504412 0.0001 525
1696444504470 0.0001 526
1696444504523 0.0001 527
1696444504575 0.0001 528
1696444510332 0.0001 529
1696444510389 0.0001 530
1696444510447 0.0001 531
1696444510503 0.0001 532
1696444510561 0.0001 533
1696444510619 0.0001 534
1696444510677 0.0001 535
1696444510734 0.0001 536
1696444510792 0.0001 537
1696444510848 0.0001 538
1696444510904 0.0001 539
1696444510962 0.0001 540
1696444511019 0.0001 541
1696444511076 0.0001 542
1696444511134 0.0001 543
1696444511190 0.0001 544
1696444511247 0.0001 545
1696444511303 0.0001 546
1696444511361 0.0001 547
1696444511418 0.0001 548
1696444511476 0.0001 549
1696444511533 0.0001 550
1696444511586 0.0001 551
1696444511638 0.0001 552
1696444517541 0.0001 553
1696444517599 0.0001 554
1696444517656 0.0001 555
1696444517713 0.0001 556
1696444517769 0.0001 557
1696444517826 0.0001 558
1696444517883 0.0001 559
1696444517939 0.0001 560
1696444517996 0.0001 561
1696444518052 0.0001 562
1696444518109 0.0001 563
1696444518165 0.0001 564
1696444518222 0.0001 565
1696444518281 0.0001 566
1696444518339 0.0001 567
1696444518398 0.0001 568
1696444518456 0.0001 569
1696444518514 0.0001 570
1696444518572 0.0001 571
1696444518629 0.0001 572
1696444518686 0.0001 573
1696444518743 0.0001 574
1696444518794 0.0001 575
1696444518847 0.0001 576
1696444524683 0.0001 577
1696444524740 0.0001 578
1696444524797 0.0001 579
1696444524854 0.0001 580
1696444524910 0.0001 581
1696444524967 0.0001 582
1696444525025 0.0001 583
1696444525081 0.0001 584
1696444525138 0.0001 585
1696444525195 0.0001 586
1696444525252 0.0001 587
1696444525309 0.0001 588
1696444525366 0.0001 589
1696444525423 0.0001 590
1696444525480 0.0001 591
1696444525538 0.0001 592
1696444525596 0.0001 593
1696444525653 0.0001 594
1696444525710 0.0001 595
1696444525768 0.0001 596
1696444525829 0.0001 597
1696444525885 0.0001 598
1696444525938 0.0001 599
1696444525989 0.0001 600
1696444531841 0.0001 601
1696444531898 0.0001 602
1696444531956 0.0001 603
1696444532014 0.0001 604
1696444532071 0.0001 605
1696444532129 0.0001 606
1696444532187 0.0001 607
1696444532244 0.0001 608
1696444532303 0.0001 609
1696444532360 0.0001 610
1696444532417 0.0001 611
1696444532476 0.0001 612
1696444532535 0.0001 613
1696444532593 0.0001 614
1696444532652 0.0001 615
1696444532710 0.0001 616
1696444532768 0.0001 617
1696444532826 0.0001 618
1696444532883 0.0001 619
1696444532941 0.0001 620
1696444532998 0.0001 621
1696444533056 0.0001 622
1696444533109 0.0001 623
1696444533162 0.0001 624
1696444538937 0.0001 625
1696444538995 0.0001 626
1696444539052 0.0001 627
1696444539110 0.0001 628
1696444539168 0.0001 629
1696444539224 0.0001 630
1696444539281 0.0001 631
1696444539338 0.0001 632
1696444539395 0.0001 633
1696444539451 0.0001 634
1696444539510 0.0001 635
1696444539568 0.0001 636
1696444539626 0.0001 637
1696444539685 0.0001 638
1696444539742 0.0001 639
1696444539798 0.0001 640
1696444539854 0.0001 641
1696444539911 0.0001 642
1696444539968 0.0001 643
1696444540024 0.0001 644
1696444540080 0.0001 645
1696444540141 0.0001 646
1696444540193 0.0001 647
1696444540246 0.0001 648
1696444546047 0.0001 649
1696444546104 0.0001 650
1696444546161 0.0001 651
1696444546217 0.0001 652
1696444546274 0.0001 653
1696444546331 0.0001 654
1696444546389 0.0001 655
1696444546448 0.0001 656
1696444546505 0.0001 657
1696444546563 0.0001 658
1696444546620 0.0001 659
1696444546677 0.0001 660
1696444546734 0.0001 661
1696444546791 0.0001 662
1696444546848 0.0001 663
1696444546906 0.0001 664
1696444546962 0.0001 665
1696444547018 0.0001 666
1696444547074 0.0001 667
1696444547132 0.0001 668
1696444547189 0.0001 669
1696444547247 0.0001 670
1696444547300 0.0001 671
1696444547352 0.0001 672
1696444553201 0.0001 673
1696444553258 0.0001 674
1696444553315 0.0001 675
1696444553373 0.0001 676
1696444553430 0.0001 677
1696444553488 0.0001 678
1696444553549 0.0001 679
1696444553608 0.0001 680
1696444553666 0.0001 681
1696444553725 0.0001 682
1696444553783 0.0001 683
1696444553848 0.0001 684
1696444553910 0.0001 685
1696444553967 0.0001 686
1696444554024 0.0001 687
1696444554080 0.0001 688
1696444554138 0.0001 689
1696444554195 0.0001 690
1696444554251 0.0001 691
1696444554308 0.0001 692
1696444554366 0.0001 693
1696444554423 0.0001 694
1696444554477 0.0001 695
1696444554529 0.0001 696
1696444560389 0.0001 697
1696444560448 0.0001 698
1696444560507 0.0001 699
1696444560564 0.0001 700
1696444560622 0.0001 701
1696444560680 0.0001 702
1696444560738 0.0001 703
1696444560796 0.0001 704
1696444560853 0.0001 705
1696444560910 0.0001 706
1696444560967 0.0001 707
1696444561025 0.0001 708
1696444561083 0.0001 709
1696444561141 0.0001 710
1696444561202 0.0001 711
1696444561259 0.0001 712
1696444561319 0.0001 713
1696444561376 0.0001 714
1696444561434 0.0001 715
1696444561490 0.0001 716
1696444561548 0.0001 717
1696444561606 0.0001 718
1696444561660 0.0001 719
1696444561712 0.0001 720
1696444567554 0.0001 721
1696444567611 0.0001 722
1696444567668 0.0001 723
1696444567725 0.0001 724
1696444567783 0.0001 725
1696444567839 0.0001 726
1696444567896 0.0001 727
1696444567952 0.0001 728
1696444568008 0.0001 729
1696444568065 0.0001 730
1696444568123 0.0001 731
1696444568182 0.0001 732
1696444568239 0.0001 733
1696444568297 0.0001 734
1696444568355 0.0001 735
1696444568412 0.0001 736
1696444568470 0.0001 737
1696444568526 0.0001 738
1696444568584 0.0001 739
1696444568642 0.0001 740
1696444568699 0.0001 741
1696444568756 0.0001 742
1696444568808 0.0001 743
1696444568859 0.0001 744
1696444574707 0.0001 745
1696444574763 0.0001 746
1696444574819 0.0001 747
1696444574877 0.0001 748
1696444574934 0.0001 749
1696444574992 0.0001 750
1696444575050 0.0001 751
1696444575109 0.0001 752
1696444575167 0.0001 753
1696444575224 0.0001 754
1696444575281 0.0001 755
1696444575339 0.0001 756
1696444575396 0.0001 757
1696444575454 0.0001 758
1696444575511 0.0001 759
1696444575568 0.0001 760
1696444575625 0.0001 761
1696444575682 0.0001 762
1696444575740 0.0001 763
1696444575799 0.0001 764
1696444575857 0.0001 765
1696444575914 0.0001 766
1696444575966 0.0001 767
1696444576019 0.0001 768
1696444581792 0.0001 769
1696444581849 0.0001 770
1696444581906 0.0001 771
1696444581962 0.0001 772
1696444582019 0.0001 773
1696444582076 0.0001 774
1696444582132 0.0001 775
1696444582189 0.0001 776
1696444582246 0.0001 777
1696444582303 0.0001 778
1696444582360 0.0001 779
1696444582418 0.0001 780
1696444582476 0.0001 781
1696444582533 0.0001 782
1696444582589 0.0001 783
1696444582647 0.0001 784
1696444582703 0.0001 785
1696444582760 0.0001 786
1696444582817 0.0001 787
1696444582875 0.0001 788
1696444582931 0.0001 789
1696444582987 0.0001 790
1696444583039 0.0001 791
1696444583091 0.0001 792
1696444589057 0.0001 793
1696444589114 0.0001 794
1696444589171 0.0001 795
1696444589228 0.0001 796
1696444589285 0.0001 797
1696444589342 0.0001 798
1696444589399 0.0001 799
1696444589456 0.0001 800
1696444589515 0.0001 801
1696444589572 0.0001 802
1696444589629 0.0001 803
1696444589687 0.0001 804
1696444589744 0.0001 805
1696444589800 0.0001 806
1696444589857 0.0001 807
1696444589915 0.0001 808
1696444589971 0.0001 809
1696444590028 0.0001 810
1696444590085 0.0001 811
1696444590142 0.0001 812
1696444590199 0.0001 813
1696444590258 0.0001 814
1696444590312 0.0001 815
1696444590364 0.0001 816
1696444596181 0.0001 817
1696444596240 0.0001 818
1696444596299 0.0001 819
1696444596358 0.0001 820
1696444596418 0.0001 821
1696444596478 0.0001 822
1696444596537 0.0001 823
1696444596597 0.0001 824
1696444596657 0.0001 825
1696444596718 0.0001 826
1696444596778 0.0001 827
1696444596835 0.0001 828
1696444596892 0.0001 829
1696444596952 0.0001 830
1696444597012 0.0001 831
1696444597072 0.0001 832
1696444597132 0.0001 833
1696444597193 0.0001 834
1696444597253 0.0001 835
1696444597313 0.0001 836
1696444597373 0.0001 837
1696444597434 0.0001 838
1696444597488 0.0001 839
1696444597544 0.0001 840
1696444603331 0.0001 841
1696444603390 0.0001 842
1696444603448 0.0001 843
1696444603506 0.0001 844
1696444603563 0.0001 845
1696444603620 0.0001 846
1696444603678 0.0001 847
1696444603736 0.0001 848
1696444603793 0.0001 849
1696444603850 0.0001 850
1696444603908 0.0001 851
1696444603965 0.0001 852
1696444604022 0.0001 853
1696444604078 0.0001 854
1696444604134 0.0001 855
1696444604192 0.0001 856
1696444604250 0.0001 857
1696444604307 0.0001 858
1696444604363 0.0001 859
1696444604421 0.0001 860
1696444604478 0.0001 861
1696444604535 0.0001 862
1696444604587 0.0001 863
1696444604640 0.0001 864
1696444610421 0.0001 865
1696444610481 0.0001 866
1696444610542 0.0001 867
1696444610600 0.0001 868
1696444610657 0.0001 869
1696444610714 0.0001 870
1696444610771 0.0001 871
1696444610829 0.0001 872
1696444610888 0.0001 873
1696444610949 0.0001 874
1696444611008 0.0001 875
1696444611066 0.0001 876
1696444611122 0.0001 877
1696444611180 0.0001 878
1696444611236 0.0001 879
1696444611293 0.0001 880
1696444611350 0.0001 881
1696444611407 0.0001 882
1696444611465 0.0001 883
1696444611522 0.0001 884
1696444611579 0.0001 885
1696444611639 0.0001 886
1696444611691 0.0001 887
1696444611745 0.0001 888
1696444617558 0.0001 889
1696444617616 0.0001 890
1696444617674 0.0001 891
1696444617732 0.0001 892
1696444617792 0.0001 893
1696444617849 0.0001 894
1696444617908 0.0001 895
1696444617968 0.0001 896
1696444618026 0.0001 897
1696444618084 0.0001 898
1696444618142 0.0001 899
1696444618199 0.0001 900
1696444618257 0.0001 901
1696444618315 0.0001 902
1696444618372 0.0001 903
1696444618431 0.0001 904
1696444618489 0.0001 905
1696444618547 0.0001 906
1696444618604 0.0001 907
1696444618663 0.0001 908
1696444618721 0.0001 909
1696444618778 0.0001 910
1696444618831 0.0001 911
1696444618884 0.0001 912
1696444624779 0.0001 913
1696444624835 0.0001 914
1696444624891 0.0001 915
1696444624947 0.0001 916
1696444625005 0.0001 917
1696444625063 0.0001 918
1696444625121 0.0001 919
1696444625178 0.0001 920
1696444625234 0.0001 921
1696444625291 0.0001 922
1696444625347 0.0001 923
1696444625404 0.0001 924
1696444625465 0.0001 925
1696444625526 0.0001 926
1696444625586 0.0001 927
1696444625646 0.0001 928
1696444625705 0.0001 929
1696444625765 0.0001 930
1696444625826 0.0001 931
1696444625885 0.0001 932
1696444625943 0.0001 933
1696444626000 0.0001 934
1696444626055 0.0001 935
1696444626109 0.0001 936
1696444631958 0.0001 937
1696444632017 0.0001 938
1696444632075 0.0001 939
1696444632134 0.0001 940
1696444632193 0.0001 941
1696444632252 0.0001 942
1696444632310 0.0001 943
1696444632369 0.0001 944
1696444632427 0.0001 945
1696444632485 0.0001 946
1696444632543 0.0001 947
1696444632602 0.0001 948
1696444632660 0.0001 949
1696444632719 0.0001 950
1696444632777 0.0001 951
1696444632834 0.0001 952
1696444632893 0.0001 953
1696444632951 0.0001 954
1696444633008 0.0001 955
1696444633065 0.0001 956
1696444633123 0.0001 957
1696444633181 0.0001 958
1696444633234 0.0001 959
1696444633286 0.0001 960
1696444639171 0.0001 961
1696444639228 0.0001 962
1696444639286 0.0001 963
1696444639344 0.0001 964
1696444639401 0.0001 965
1696444639460 0.0001 966
1696444639518 0.0001 967
1696444639575 0.0001 968
1696444639633 0.0001 969
1696444639690 0.0001 970
1696444639748 0.0001 971
1696444639805 0.0001 972
1696444639862 0.0001 973
1696444639919 0.0001 974
1696444639978 0.0001 975
1696444640035 0.0001 976
1696444640093 0.0001 977
1696444640150 0.0001 978
1696444640207 0.0001 979
1696444640264 0.0001 980
1696444640322 0.0001 981
1696444640379 0.0001 982
1696444640432 0.0001 983
1696444640485 0.0001 984
1696444646351 0.0001 985
1696444646408 0.0001 986
1696444646466 0.0001 987
1696444646523 0.0001 988
1696444646580 0.0001 989
1696444646637 0.0001 990
1696444646694 0.0001 991
1696444646751 0.0001 992
1696444646808 0.0001 993
1696444646865 0.0001 994
1696444646922 0.0001 995
1696444646979 0.0001 996
1696444647037 0.0001 997
1696444647095 0.0001 998
1696444647153 0.0001 999
1696444647211 0.0001 1000
1696444647268 0.0001 1001
1696444647327 0.0001 1002
1696444647386 0.0001 1003
1696444647445 0.0001 1004
1696444647503 0.0001 1005
1696444647562 0.0001 1006
1696444647616 0.0001 1007
1696444647670 0.0001 1008
1696444653684 0.0001 1009
1696444653741 0.0001 1010
1696444653798 0.0001 1011
1696444653855 0.0001 1012
1696444653911 0.0001 1013
1696444653967 0.0001 1014
1696444654024 0.0001 1015
1696444654081 0.0001 1016
1696444654138 0.0001 1017
1696444654195 0.0001 1018
1696444654253 0.0001 1019
1696444654310 0.0001 1020
1696444654367 0.0001 1021
1696444654424 0.0001 1022
1696444654482 0.0001 1023
1696444654538 0.0001 1024
1696444654596 0.0001 1025
1696444654655 0.0001 1026
1696444654713 0.0001 1027
1696444654771 0.0001 1028
1696444654828 0.0001 1029
1696444654885 0.0001 1030
1696444654937 0.0001 1031
1696444654989 0.0001 1032
1696444660782 0.0001 1033
1696444660840 0.0001 1034
1696444660896 0.0001 1035
1696444660954 0.0001 1036
1696444661012 0.0001 1037
1696444661070 0.0001 1038
1696444661127 0.0001 1039
1696444661184 0.0001 1040
1696444661242 0.0001 1041
1696444661300 0.0001 1042
1696444661356 0.0001 1043
1696444661413 0.0001 1044
1696444661472 0.0001 1045
1696444661530 0.0001 1046
1696444661587 0.0001 1047
1696444661647 0.0001 1048
1696444661706 0.0001 1049
1696444661764 0.0001 1050
1696444661820 0.0001 1051
1696444661876 0.0001 1052
1696444661934 0.0001 1053
1696444661993 0.0001 1054
1696444662047 0.0001 1055
1696444662100 0.0001 1056
1696444667878 0.0001 1057
1696444667935 0.0001 1058
1696444667991 0.0001 1059
1696444668048 0.0001 1060
1696444668105 0.0001 1061
1696444668161 0.0001 1062
1696444668217 0.0001 1063
1696444668275 0.0001 1064
1696444668336 0.0001 1065
1696444668398 0.0001 1066
1696444668455 0.0001 1067
1696444668515 0.0001 1068
1696444668574 0.0001 1069
1696444668632 0.0001 1070
1696444668690 0.0001 1071
1696444668749 0.0001 1072
1696444668806 0.0001 1073
1696444668863 0.0001 1074
1696444668920 0.0001 1075
1696444668976 0.0001 1076
1696444669033 0.0001 1077
1696444669090 0.0001 1078
1696444669142 0.0001 1079
1696444669194 0.0001 1080
1696444675063 0.0001 1081
1696444675120 0.0001 1082
1696444675177 0.0001 1083
1696444675234 0.0001 1084
1696444675291 0.0001 1085
1696444675348 0.0001 1086
1696444675405 0.0001 1087
1696444675462 0.0001 1088
1696444675519 0.0001 1089
1696444675577 0.0001 1090
1696444675634 0.0001 1091
1696444675692 0.0001 1092
1696444675748 0.0001 1093
1696444675806 0.0001 1094
1696444675863 0.0001 1095
1696444675919 0.0001 1096
1696444675975 0.0001 1097
1696444676032 0.0001 1098
1696444676088 0.0001 1099
1696444676146 0.0001 1100
1696444676204 0.0001 1101
1696444676261 0.0001 1102
1696444676313 0.0001 1103
1696444676366 0.0001 1104
1696444682231 0.0001 1105
1696444682288 0.0001 1106
1696444682346 0.0001 1107
1696444682404 0.0001 1108
1696444682461 0.0001 1109
1696444682518 0.0001 1110
1696444682575 0.0001 1111
1696444682635 0.0001 1112
1696444682692 0.0001 1113
1696444682749 0.0001 1114
1696444682807 0.0001 1115
1696444682864 0.0001 1116
1696444682924 0.0001 1117
1696444682985 0.0001 1118
1696444683045 0.0001 1119
1696444683104 0.0001 1120
1696444683166 0.0001 1121
1696444683227 0.0001 1122
1696444683287 0.0001 1123
1696444683347 0.0001 1124
1696444683408 0.0001 1125
1696444683469 0.0001 1126
1696444683524 0.0001 1127
1696444683576 0.0001 1128
1696444689450 0.0001 1129
1696444689509 0.0001 1130
1696444689569 0.0001 1131
1696444689629 0.0001 1132
1696444689688 0.0001 1133
1696444689750 0.0001 1134
1696444689809 0.0001 1135
1696444689868 0.0001 1136
1696444689927 0.0001 1137
1696444689984 0.0001 1138
1696444690041 0.0001 1139
1696444690097 0.0001 1140
1696444690156 0.0001 1141
1696444690213 0.0001 1142
1696444690270 0.0001 1143
1696444690329 0.0001 1144
1696444690386 0.0001 1145
1696444690444 0.0001 1146
1696444690503 0.0001 1147
1696444690562 0.0001 1148
1696444690620 0.0001 1149
1696444690677 0.0001 1150
1696444690729 0.0001 1151
1696444690782 0.0001 1152
1696444696603 0.0001 1153
1696444696661 0.0001 1154
1696444696718 0.0001 1155
1696444696776 0.0001 1156
1696444696833 0.0001 1157
1696444696890 0.0001 1158
1696444696947 0.0001 1159
1696444697004 0.0001 1160
1696444697061 0.0001 1161
1696444697119 0.0001 1162
1696444697177 0.0001 1163
1696444697234 0.0001 1164
1696444697291 0.0001 1165
1696444697347 0.0001 1166
1696444697405 0.0001 1167
1696444697464 0.0001 1168
1696444697522 0.0001 1169
1696444697580 0.0001 1170
1696444697638 0.0001 1171
1696444697697 0.0001 1172
1696444697755 0.0001 1173
1696444697812 0.0001 1174
1696444697865 0.0001 1175
1696444697918 0.0001 1176
1696444703789 0.0001 1177
1696444703846 0.0001 1178
1696444703902 0.0001 1179
1696444703960 0.0001 1180
1696444704017 0.0001 1181
1696444704074 0.0001 1182
1696444704131 0.0001 1183
1696444704187 0.0001 1184
1696444704244 0.0001 1185
1696444704301 0.0001 1186
1696444704358 0.0001 1187
1696444704416 0.0001 1188
1696444704472 0.0001 1189
1696444704529 0.0001 1190
1696444704585 0.0001 1191
1696444704643 0.0001 1192
1696444704703 0.0001 1193
1696444704760 0.0001 1194
1696444704819 0.0001 1195
1696444704876 0.0001 1196
1696444704933 0.0001 1197
1696444704989 0.0001 1198
1696444705042 0.0001 1199
1696444705095 0.0001 1200
1696444710923 0.0001 1201
1696444710980 0.0001 1202
1696444711037 0.0001 1203
1696444711096 0.0001 1204
1696444711154 0.0001 1205
1696444711211 0.0001 1206
1696444711267 0.0001 1207
1696444711323 0.0001 1208
1696444711380 0.0001 1209
1696444711437 0.0001 1210
1696444711495 0.0001 1211
1696444711554 0.0001 1212
1696444711611 0.0001 1213
1696444711667 0.0001 1214
1696444711726 0.0001 1215
1696444711783 0.0001 1216
1696444711839 0.0001 1217
1696444711896 0.0001 1218
1696444711953 0.0001 1219
1696444712010 0.0001 1220
1696444712066 0.0001 1221
1696444712123 0.0001 1222
1696444712177 0.0001 1223
1696444712229 0.0001 1224
1696444718136 0.0001 1225
1696444718194 0.0001 1226
1696444718253 0.0001 1227
1696444718310 0.0001 1228
1696444718367 0.0001 1229
1696444718425 0.0001 1230
1696444718481 0.0001 1231
1696444718541 0.0001 1232
1696444718598 0.0001 1233
1696444718656 0.0001 1234
1696444718714 0.0001 1235
1696444718772 0.0001 1236
1696444718828 0.0001 1237
1696444718885 0.0001 1238
1696444718941 0.0001 1239
1696444718998 0.0001 1240
1696444719055 0.0001 1241
1696444719112 0.0001 1242
1696444719170 0.0001 1243
1696444719227 0.0001 1244
1696444719285 0.0001 1245
1696444719341 0.0001 1246
1696444719394 0.0001 1247
1696444719447 0.0001 1248
1696444725275 0.0001 1249
1696444725331 0.0001 1250
1696444725388 0.0001 1251
1696444725444 0.0001 1252
1696444725500 0.0001 1253
1696444725558 0.0001 1254
1696444725616 0.0001 1255
1696444725674 0.0001 1256
1696444725732 0.0001 1257
1696444725789 0.0001 1258
1696444725847 0.0001 1259
1696444725903 0.0001 1260
1696444725960 0.0001 1261
1696444726019 0.0001 1262
1696444726076 0.0001 1263
1696444726138 0.0001 1264
1696444726194 0.0001 1265
1696444726253 0.0001 1266
1696444726313 0.0001 1267
1696444726374 0.0001 1268
1696444726433 0.0001 1269
1696444726490 0.0001 1270
1696444726543 0.0001 1271
1696444726594 0.0001 1272
1696444732428 0.0001 1273
1696444732485 0.0001 1274
1696444732542 0.0001 1275
1696444732598 0.0001 1276
1696444732655 0.0001 1277
1696444732712 0.0001 1278
1696444732769 0.0001 1279
1696444732826 0.0001 1280
1696444732882 0.0001 1281
1696444732940 0.0001 1282
1696444732997 0.0001 1283
1696444733054 0.0001 1284
1696444733112 0.0001 1285
1696444733170 0.0001 1286
1696444733229 0.0001 1287
1696444733286 0.0001 1288
1696444733347 0.0001 1289
1696444733405 0.0001 1290
1696444733463 0.0001 1291
1696444733521 0.0001 1292
1696444733578 0.0001 1293
1696444733634 0.0001 1294
1696444733687 0.0001 1295
1696444733739 0.0001 1296
1696444739553 0.0001 1297
1696444739610 0.0001 1298
1696444739668 0.0001 1299
1696444739724 0.0001 1300
1696444739781 0.0001 1301
1696444739837 0.0001 1302
1696444739894 0.0001 1303
1696444739950 0.0001 1304
1696444740008 0.0001 1305
1696444740065 0.0001 1306
1696444740122 0.0001 1307
1696444740180 0.0001 1308
1696444740236 0.0001 1309
1696444740293 0.0001 1310
1696444740352 0.0001 1311
1696444740410 0.0001 1312
1696444740467 0.0001 1313
1696444740525 0.0001 1314
1696444740582 0.0001 1315
1696444740639 0.0001 1316
1696444740695 0.0001 1317
1696444740751 0.0001 1318
1696444740806 0.0001 1319
1696444740862 0.0001 1320
1696444746659 0.0001 1321
1696444746716 0.0001 1322
1696444746773 0.0001 1323
1696444746829 0.0001 1324
1696444746886 0.0001 1325
1696444746943 0.0001 1326
1696444746999 0.0001 1327
1696444747055 0.0001 1328
1696444747111 0.0001 1329
1696444747167 0.0001 1330
1696444747224 0.0001 1331
1696444747280 0.0001 1332
1696444747337 0.0001 1333
1696444747394 0.0001 1334
1696444747451 0.0001 1335
1696444747509 0.0001 1336
1696444747568 0.0001 1337
1696444747625 0.0001 1338
1696444747687 0.0001 1339
1696444747747 0.0001 1340
1696444747805 0.0001 1341
1696444747863 0.0001 1342
1696444747916 0.0001 1343
1696444747970 0.0001 1344
1696444753847 0.0001 1345
1696444753904 0.0001 1346
1696444753962 0.0001 1347
1696444754019 0.0001 1348
1696444754078 0.0001 1349
1696444754135 0.0001 1350
1696444754192 0.0001 1351
1696444754249 0.0001 1352
1696444754307 0.0001 1353
1696444754365 0.0001 1354
1696444754424 0.0001 1355
1696444754484 0.0001 1356
1696444754543 0.0001 1357
1696444754601 0.0001 1358
1696444754660 0.0001 1359
1696444754718 0.0001 1360
1696444754775 0.0001 1361
1696444754834 0.0001 1362
1696444754892 0.0001 1363
1696444754950 0.0001 1364
1696444755007 0.0001 1365
1696444755064 0.0001 1366
1696444755117 0.0001 1367
1696444755169 0.0001 1368
1696444761073 0.0001 1369
1696444761133 0.0001 1370
1696444761190 0.0001 1371
1696444761247 0.0001 1372
1696444761303 0.0001 1373
1696444761361 0.0001 1374
1696444761419 0.0001 1375
1696444761477 0.0001 1376
1696444761535 0.0001 1377
1696444761592 0.0001 1378
1696444761650 0.0001 1379
1696444761710 0.0001 1380
1696444761766 0.0001 1381
1696444761824 0.0001 1382
1696444761881 0.0001 1383
1696444761939 0.0001 1384
1696444761997 0.0001 1385
1696444762055 0.0001 1386
1696444762112 0.0001 1387
1696444762169 0.0001 1388
1696444762227 0.0001 1389
1696444762284 0.0001 1390
1696444762337 0.0001 1391
1696444762390 0.0001 1392
1696444768261 0.0001 1393
1696444768319 0.0001 1394
1696444768378 0.0001 1395
1696444768437 0.0001 1396
1696444768493 0.0001 1397
1696444768552 0.0001 1398
1696444768610 0.0001 1399
1696444768668 0.0001 1400
1696444768725 0.0001 1401
1696444768782 0.0001 1402
1696444768840 0.0001 1403
1696444768898 0.0001 1404
1696444768955 0.0001 1405
1696444769012 0.0001 1406
1696444769070 0.0001 1407
1696444769128 0.0001 1408
1696444769187 0.0001 1409
1696444769244 0.0001 1410
1696444769301 0.0001 1411
1696444769359 0.0001 1412
1696444769417 0.0001 1413
1696444769474 0.0001 1414
1696444769527 0.0001 1415
1696444769581 0.0001 1416
1696444775508 0.0001 1417
1696444775565 0.0001 1418
1696444775624 0.0001 1419
1696444775681 0.0001 1420
1696444775741 0.0001 1421
1696444775798 0.0001 1422
1696444775854 0.0001 1423
1696444775910 0.0001 1424
1696444775966 0.0001 1425
1696444776024 0.0001 1426
1696444776081 0.0001 1427
1696444776137 0.0001 1428
1696444776196 0.0001 1429
1696444776254 0.0001 1430
1696444776312 0.0001 1431
1696444776369 0.0001 1432
1696444776426 0.0001 1433
1696444776483 0.0001 1434
1696444776540 0.0001 1435
1696444776597 0.0001 1436
1696444776655 0.0001 1437
1696444776712 0.0001 1438
1696444776766 0.0001 1439
1696444776818 0.0001 1440
1696444782677 0.0001 1441
1696444782737 0.0001 1442
1696444782795 0.0001 1443
1696444782854 0.0001 1444
1696444782914 0.0001 1445
1696444782973 0.0001 1446
1696444783031 0.0001 1447
1696444783089 0.0001 1448
1696444783146 0.0001 1449
1696444783203 0.0001 1450
1696444783261 0.0001 1451
1696444783319 0.0001 1452
1696444783376 0.0001 1453
1696444783435 0.0001 1454
1696444783494 0.0001 1455
1696444783554 0.0001 1456
1696444783614 0.0001 1457
1696444783671 0.0001 1458
1696444783730 0.0001 1459
1696444783787 0.0001 1460
1696444783848 0.0001 1461
1696444783906 0.0001 1462
1696444783960 0.0001 1463
1696444784013 0.0001 1464
1696444789895 0.0001 1465
1696444789952 0.0001 1466
1696444790010 0.0001 1467
1696444790067 0.0001 1468
1696444790124 0.0001 1469
1696444790181 0.0001 1470
1696444790238 0.0001 1471
1696444790295 0.0001 1472
1696444790353 0.0001 1473
1696444790411 0.0001 1474
1696444790468 0.0001 1475
1696444790527 0.0001 1476
1696444790587 0.0001 1477
1696444790648 0.0001 1478
1696444790707 0.0001 1479
1696444790765 0.0001 1480
1696444790823 0.0001 1481
1696444790880 0.0001 1482
1696444790941 0.0001 1483
1696444790999 0.0001 1484
1696444791055 0.0001 1485
1696444791113 0.0001 1486
1696444791165 0.0001 1487
1696444791218 0.0001 1488
1696444797062 0.0001 1489
1696444797120 0.0001 1490
1696444797177 0.0001 1491
1696444797234 0.0001 1492
1696444797292 0.0001 1493
1696444797349 0.0001 1494
1696444797407 0.0001 1495
1696444797465 0.0001 1496
1696444797523 0.0001 1497
1696444797580 0.0001 1498
1696444797638 0.0001 1499
1696444797694 0.0001 1500
1696444797752 0.0001 1501
1696444797809 0.0001 1502
1696444797867 0.0001 1503
1696444797925 0.0001 1504
1696444797982 0.0001 1505
1696444798039 0.0001 1506
1696444798096 0.0001 1507
1696444798152 0.0001 1508
1696444798209 0.0001 1509
1696444798268 0.0001 1510
1696444798321 0.0001 1511
1696444798373 0.0001 1512
1696444804217 0.0001 1513
1696444804274 0.0001 1514
1696444804331 0.0001 1515
1696444804388 0.0001 1516
1696444804446 0.0001 1517
1696444804503 0.0001 1518
1696444804559 0.0001 1519
1696444804616 0.0001 1520
1696444804674 0.0001 1521
1696444804732 0.0001 1522
1696444804791 0.0001 1523
1696444804847 0.0001 1524
1696444804905 0.0001 1525
1696444804962 0.0001 1526
1696444805019 0.0001 1527
1696444805077 0.0001 1528
1696444805134 0.0001 1529
1696444805191 0.0001 1530
1696444805248 0.0001 1531
1696444805306 0.0001 1532
1696444805363 0.0001 1533
1696444805419 0.0001 1534
1696444805472 0.0001 1535
1696444805524 0.0001 1536
1696444811351 0.0001 1537
1696444811409 0.0001 1538
1696444811466 0.0001 1539
1696444811525 0.0001 1540
1696444811584 0.0001 1541
1696444811643 0.0001 1542
1696444811701 0.0001 1543
1696444811758 0.0001 1544
1696444811815 0.0001 1545
1696444811872 0.0001 1546
1696444811929 0.0001 1547
1696444811988 0.0001 1548
1696444812046 0.0001 1549
1696444812105 0.0001 1550
1696444812165 0.0001 1551
1696444812223 0.0001 1552
1696444812282 0.0001 1553
1696444812341 0.0001 1554
1696444812401 0.0001 1555
1696444812459 0.0001 1556
1696444812517 0.0001 1557
1696444812576 0.0001 1558
1696444812631 0.0001 1559
1696444812685 0.0001 1560
1696444818518 0.0001 1561
1696444818576 0.0001 1562
1696444818634 0.0001 1563
1696444818692 0.0001 1564
1696444818749 0.0001 1565
1696444818806 0.0001 1566
1696444818863 0.0001 1567
1696444818922 0.0001 1568
1696444818979 0.0001 1569
1696444819036 0.0001 1570
1696444819094 0.0001 1571
1696444819153 0.0001 1572
1696444819210 0.0001 1573
1696444819267 0.0001 1574
1696444819326 0.0001 1575
1696444819383 0.0001 1576
1696444819441 0.0001 1577
1696444819499 0.0001 1578
1696444819558 0.0001 1579
1696444819616 0.0001 1580
1696444819675 0.0001 1581
1696444819732 0.0001 1582
1696444819785 0.0001 1583
1696444819836 0.0001 1584
1696444825638 0.0001 1585
1696444825698 0.0001 1586
1696444825758 0.0001 1587
1696444825817 0.0001 1588
1696444825874 0.0001 1589
1696444825932 0.0001 1590
1696444825988 0.0001 1591
1696444826046 0.0001 1592
1696444826103 0.0001 1593
1696444826161 0.0001 1594
1696444826219 0.0001 1595
1696444826279 0.0001 1596
1696444826340 0.0001 1597
1696444826400 0.0001 1598
1696444826460 0.0001 1599
1696444826522 0.0001 1600
1696444826581 0.0001 1601
1696444826640 0.0001 1602
1696444826702 0.0001 1603
1696444826762 0.0001 1604
1696444826820 0.0001 1605
1696444826880 0.0001 1606
1696444826934 0.0001 1607
1696444826985 0.0001 1608
1696444832785 0.0001 1609
1696444832841 0.0001 1610
1696444832898 0.0001 1611
1696444832956 0.0001 1612
1696444833013 0.0001 1613
1696444833070 0.0001 1614
1696444833128 0.0001 1615
1696444833184 0.0001 1616
1696444833241 0.0001 1617
1696444833298 0.0001 1618
1696444833357 0.0001 1619
1696444833415 0.0001 1620
1696444833472 0.0001 1621
1696444833530 0.0001 1622
1696444833588 0.0001 1623
1696444833645 0.0001 1624
1696444833705 0.0001 1625
1696444833762 0.0001 1626
1696444833820 0.0001 1627
1696444833878 0.0001 1628
1696444833936 0.0001 1629
1696444833992 0.0001 1630
1696444834045 0.0001 1631
1696444834098 0.0001 1632
1696444840043 0.0001 1633
1696444840101 0.0001 1634
1696444840159 0.0001 1635
1696444840217 0.0001 1636
1696444840275 0.0001 1637
1696444840334 0.0001 1638
1696444840391 0.0001 1639
1696444840448 0.0001 1640
1696444840506 0.0001 1641
1696444840564 0.0001 1642
1696444840621 0.0001 1643
1696444840677 0.0001 1644
1696444840735 0.0001 1645
1696444840792 0.0001 1646
1696444840849 0.0001 1647
1696444840905 0.0001 1648
1696444840962 0.0001 1649
1696444841018 0.0001 1650
1696444841076 0.0001 1651
1696444841135 0.0001 1652
1696444841193 0.0001 1653
1696444841251 0.0001 1654
1696444841304 0.0001 1655
1696444841356 0.0001 1656
1696444847139 0.0001 1657
1696444847196 0.0001 1658
1696444847253 0.0001 1659
1696444847314 0.0001 1660
1696444847373 0.0001 1661
1696444847432 0.0001 1662
1696444847490 0.0001 1663
1696444847550 0.0001 1664
1696444847607 0.0001 1665
1696444847666 0.0001 1666
1696444847724 0.0001 1667
1696444847782 0.0001 1668
1696444847839 0.0001 1669
1696444847896 0.0001 1670
1696444847953 0.0001 1671
1696444848011 0.0001 1672
1696444848068 0.0001 1673
1696444848126 0.0001 1674
1696444848184 0.0001 1675
1696444848240 0.0001 1676
1696444848297 0.0001 1677
1696444848362 0.0001 1678
1696444848416 0.0001 1679
1696444848468 0.0001 1680
1696444854367 0.0001 1681
1696444854424 0.0001 1682
1696444854481 0.0001 1683
1696444854538 0.0001 1684
1696444854595 0.0001 1685
1696444854654 0.0001 1686
1696444854712 0.0001 1687
1696444854771 0.0001 1688
1696444854829 0.0001 1689
1696444854886 0.0001 1690
1696444854943 0.0001 1691
1696444854999 0.0001 1692
1696444855055 0.0001 1693
1696444855112 0.0001 1694
1696444855170 0.0001 1695
1696444855227 0.0001 1696
1696444855284 0.0001 1697
1696444855341 0.0001 1698
1696444855398 0.0001 1699
1696444855455 0.0001 1700
1696444855511 0.0001 1701
1696444855568 0.0001 1702
1696444855621 0.0001 1703
1696444855676 0.0001 1704
1696444861569 0.0001 1705
1696444861628 0.0001 1706
1696444861686 0.0001 1707
1696444861744 0.0001 1708
1696444861802 0.0001 1709
1696444861859 0.0001 1710
1696444861916 0.0001 1711
1696444861973 0.0001 1712
1696444862031 0.0001 1713
1696444862089 0.0001 1714
1696444862148 0.0001 1715
1696444862206 0.0001 1716
1696444862264 0.0001 1717
1696444862321 0.0001 1718
1696444862378 0.0001 1719
1696444862435 0.0001 1720
1696444862491 0.0001 1721
1696444862548 0.0001 1722
1696444862606 0.0001 1723
1696444862666 0.0001 1724
1696444862725 0.0001 1725
1696444862783 0.0001 1726
1696444862835 0.0001 1727
1696444862887 0.0001 1728
1696444868769 0.0001 1729
1696444868827 0.0001 1730
1696444868885 0.0001 1731
1696444868943 0.0001 1732
1696444869000 0.0001 1733
1696444869058 0.0001 1734
1696444869115 0.0001 1735
1696444869172 0.0001 1736
1696444869229 0.0001 1737
1696444869287 0.0001 1738
1696444869345 0.0001 1739
1696444869403 0.0001 1740
1696444869461 0.0001 1741
1696444869520 0.0001 1742
1696444869578 0.0001 1743
1696444869638 0.0001 1744
1696444869697 0.0001 1745
1696444869754 0.0001 1746
1696444869813 0.0001 1747
1696444869872 0.0001 1748
1696444869931 0.0001 1749
1696444869991 0.0001 1750
1696444870045 0.0001 1751
1696444870098 0.0001 1752
1696444875904 0.0001 1753
1696444875962 0.0001 1754
1696444876019 0.0001 1755
1696444876075 0.0001 1756
1696444876132 0.0001 1757
1696444876189 0.0001 1758
1696444876246 0.0001 1759
1696444876303 0.0001 1760
1696444876360 0.0001 1761
1696444876418 0.0001 1762
1696444876475 0.0001 1763
1696444876531 0.0001 1764
1696444876588 0.0001 1765
1696444876646 0.0001 1766
1696444876714 0.0001 1767
1696444876771 0.0001 1768
1696444876828 0.0001 1769
1696444876887 0.0001 1770
1696444876945 0.0001 1771
1696444877003 0.0001 1772
1696444877061 0.0001 1773
1696444877118 0.0001 1774
1696444877172 0.0001 1775
1696444877224 0.0001 1776
1696444883089 0.0001 1777
1696444883147 0.0001 1778
1696444883205 0.0001 1779
1696444883263 0.0001 1780
1696444883321 0.0001 1781
1696444883378 0.0001 1782
1696444883436 0.0001 1783
1696444883493 0.0001 1784
1696444883550 0.0001 1785
1696444883607 0.0001 1786
1696444883665 0.0001 1787
1696444883722 0.0001 1788
1696444883781 0.0001 1789
1696444883839 0.0001 1790
1696444883896 0.0001 1791
1696444883954 0.0001 1792
1696444884012 0.0001 1793
1696444884068 0.0001 1794
1696444884125 0.0001 1795
1696444884182 0.0001 1796
1696444884240 0.0001 1797
1696444884298 0.0001 1798
1696444884350 0.0001 1799
1696444884402 0.0001 1800
1696444890241 0.0001 1801
1696444890301 0.0001 1802
1696444890359 0.0001 1803
1696444890419 0.0001 1804
1696444890478 0.0001 1805
1696444890536 0.0001 1806
1696444890594 0.0001 1807
1696444890651 0.0001 1808
1696444890709 0.0001 1809
1696444890768 0.0001 1810
1696444890824 0.0001 1811
1696444890881 0.0001 1812
1696444890938 0.0001 1813
1696444890999 0.0001 1814
1696444891056 0.0001 1815
1696444891113 0.0001 1816
1696444891170 0.0001 1817
1696444891228 0.0001 1818
1696444891285 0.0001 1819
1696444891341 0.0001 1820
1696444891398 0.0001 1821
1696444891456 0.0001 1822
1696444891509 0.0001 1823
1696444891561 0.0001 1824
1696444897415 0.0001 1825
1696444897473 0.0001 1826
1696444897531 0.0001 1827
1696444897589 0.0001 1828
1696444897646 0.0001 1829
1696444897702 0.0001 1830
1696444897760 0.0001 1831
1696444897818 0.0001 1832
1696444897876 0.0001 1833
1696444897933 0.0001 1834
1696444897990 0.0001 1835
1696444898048 0.0001 1836
1696444898106 0.0001 1837
1696444898163 0.0001 1838
1696444898219 0.0001 1839
1696444898278 0.0001 1840
1696444898336 0.0001 1841
1696444898393 0.0001 1842
1696444898451 0.0001 1843
1696444898509 0.0001 1844
1696444898567 0.0001 1845
1696444898625 0.0001 1846
1696444898679 0.0001 1847
1696444898734 0.0001 1848
1696444904763 0.0001 1849
1696444904820 0.0001 1850
1696444904877 0.0001 1851
1696444904934 0.0001 1852
1696444904991 0.0001 1853
1696444905048 0.0001 1854
1696444905105 0.0001 1855
1696444905162 0.0001 1856
1696444905219 0.0001 1857
1696444905276 0.0001 1858
1696444905335 0.0001 1859
1696444905392 0.0001 1860
1696444905449 0.0001 1861
1696444905505 0.0001 1862
1696444905561 0.0001 1863
1696444905618 0.0001 1864
1696444905675 0.0001 1865
1696444905734 0.0001 1866
1696444905791 0.0001 1867
1696444905848 0.0001 1868
1696444905905 0.0001 1869
1696444905961 0.0001 1870
1696444906013 0.0001 1871
1696444906066 0.0001 1872
1696444911937 0.0001 1873
1696444911994 0.0001 1874
1696444912051 0.0001 1875
1696444912108 0.0001 1876
1696444912165 0.0001 1877
1696444912223 0.0001 1878
1696444912280 0.0001 1879
1696444912336 0.0001 1880
1696444912393 0.0001 1881
1696444912452 0.0001 1882
1696444912509 0.0001 1883
1696444912566 0.0001 1884
1696444912622 0.0001 1885
1696444912680 0.0001 1886
1696444912737 0.0001 1887
1696444912794 0.0001 1888
1696444912852 0.0001 1889
1696444912909 0.0001 1890
1696444912966 0.0001 1891
1696444913023 0.0001 1892
1696444913081 0.0001 1893
1696444913138 0.0001 1894
1696444913191 0.0001 1895
1696444913245 0.0001 1896
1696444919149 0.0001 1897
1696444919208 0.0001 1898
1696444919265 0.0001 1899
1696444919325 0.0001 1900
1696444919382 0.0001 1901
1696444919439 0.0001 1902
1696444919496 0.0001 1903
1696444919554 0.0001 1904
1696444919611 0.0001 1905
1696444919671 0.0001 1906
1696444919732 0.0001 1907
1696444919791 0.0001 1908
1696444919850 0.0001 1909
1696444919910 0.0001 1910
1696444919968 0.0001 1911
1696444920025 0.0001 1912
1696444920084 0.0001 1913
1696444920140 0.0001 1914
1696444920197 0.0001 1915
1696444920253 0.0001 1916
1696444920311 0.0001 1917
1696444920369 0.0001 1918
1696444920422 0.0001 1919
1696444920474 0.0001 1920
1696444926390 0.0001 1921
1696444926448 0.0001 1922
1696444926506 0.0001 1923
1696444926567 0.0001 1924
1696444926628 0.0001 1925
1696444926689 0.0001 1926
1696444926750 0.0001 1927
1696444926811 0.0001 1928
1696444926873 0.0001 1929
1696444926932 0.0001 1930
1696444926988 0.0001 1931
1696444927046 0.0001 1932
1696444927103 0.0001 1933
1696444927161 0.0001 1934
1696444927217 0.0001 1935
1696444927275 0.0001 1936
1696444927332 0.0001 1937
1696444927391 0.0001 1938
1696444927448 0.0001 1939
1696444927506 0.0001 1940
1696444927565 0.0001 1941
1696444927623 0.0001 1942
1696444927677 0.0001 1943
1696444927732 0.0001 1944
1696444933646 0.0001 1945
1696444933704 0.0001 1946
1696444933762 0.0001 1947
1696444933819 0.0001 1948
1696444933877 0.0001 1949
1696444933934 0.0001 1950
1696444933992 0.0001 1951
1696444934050 0.0001 1952
1696444934107 0.0001 1953
1696444934166 0.0001 1954
1696444934226 0.0001 1955
1696444934284 0.0001 1956
1696444934343 0.0001 1957
1696444934403 0.0001 1958
1696444934461 0.0001 1959
1696444934519 0.0001 1960
1696444934576 0.0001 1961
1696444934634 0.0001 1962
1696444934692 0.0001 1963
1696444934749 0.0001 1964
1696444934806 0.0001 1965
1696444934863 0.0001 1966
1696444934917 0.0001 1967
1696444934969 0.0001 1968
1696444940802 0.0001 1969
1696444940859 0.0001 1970
1696444940916 0.0001 1971
1696444940972 0.0001 1972
1696444941029 0.0001 1973
1696444941086 0.0001 1974
1696444941144 0.0001 1975
1696444941202 0.0001 1976
1696444941260 0.0001 1977
1696444941318 0.0001 1978
1696444941375 0.0001 1979
1696444941433 0.0001 1980
1696444941492 0.0001 1981
1696444941549 0.0001 1982
1696444941607 0.0001 1983
1696444941665 0.0001 1984
1696444941723 0.0001 1985
1696444941781 0.0001 1986
1696444941839 0.0001 1987
1696444941897 0.0001 1988
1696444941954 0.0001 1989
1696444942012 0.0001 1990
1696444942065 0.0001 1991
1696444942118 0.0001 1992
1696444948040 0.0001 1993
1696444948098 0.0001 1994
1696444948155 0.0001 1995
1696444948212 0.0001 1996
1696444948268 0.0001 1997
1696444948325 0.0001 1998
1696444948385 0.0001 1999
1696444948442 0.0001 2000
1696444948501 0.0001 2001
1696444948559 0.0001 2002
1696444948617 0.0001 2003
1696444948674 0.0001 2004
1696444948732 0.0001 2005
1696444948790 0.0001 2006
1696444948847 0.0001 2007
1696444948903 0.0001 2008
1696444948960 0.0001 2009
1696444949020 0.0001 2010
1696444949077 0.0001 2011
1696444949134 0.0001 2012
1696444949190 0.0001 2013
1696444949248 0.0001 2014
1696444949301 0.0001 2015
1696444949353 0.0001 2016
1696444955182 0.0001 2017
1696444955238 0.0001 2018
1696444955296 0.0001 2019
1696444955354 0.0001 2020
1696444955411 0.0001 2021
1696444955468 0.0001 2022
1696444955525 0.0001 2023
1696444955586 0.0001 2024
1696444955644 0.0001 2025
1696444955703 0.0001 2026
1696444955761 0.0001 2027
1696444955818 0.0001 2028
1696444955876 0.0001 2029
1696444955933 0.0001 2030
1696444955988 0.0001 2031
1696444956044 0.0001 2032
1696444956101 0.0001 2033
1696444956157 0.0001 2034
1696444956214 0.0001 2035
1696444956271 0.0001 2036
1696444956327 0.0001 2037
1696444956384 0.0001 2038
1696444956436 0.0001 2039
1696444956489 0.0001 2040
1696444962524 0.0001 2041
1696444962583 0.0001 2042
1696444962642 0.0001 2043
1696444962699 0.0001 2044
1696444962757 0.0001 2045
1696444962815 0.0001 2046
1696444962874 0.0001 2047
1696444962931 0.0001 2048
1696444962990 0.0001 2049
1696444963048 0.0001 2050
1696444963105 0.0001 2051
1696444963162 0.0001 2052
1696444963219 0.0001 2053
1696444963276 0.0001 2054
1696444963333 0.0001 2055
1696444963390 0.0001 2056
1696444963448 0.0001 2057
1696444963504 0.0001 2058
1696444963561 0.0001 2059
1696444963618 0.0001 2060
1696444963677 0.0001 2061
1696444963739 0.0001 2062
1696444963791 0.0001 2063
1696444963843 0.0001 2064
1696444969700 0.0001 2065
1696444969757 0.0001 2066
1696444969815 0.0001 2067
1696444969874 0.0001 2068
1696444969931 0.0001 2069
1696444969988 0.0001 2070
1696444970045 0.0001 2071
1696444970102 0.0001 2072
1696444970158 0.0001 2073
1696444970216 0.0001 2074
1696444970274 0.0001 2075
1696444970333 0.0001 2076
1696444970392 0.0001 2077
1696444970449 0.0001 2078
1696444970506 0.0001 2079
1696444970563 0.0001 2080
1696444970620 0.0001 2081
1696444970679 0.0001 2082
1696444970736 0.0001 2083
1696444970793 0.0001 2084
1696444970850 0.0001 2085
1696444970910 0.0001 2086
1696444970965 0.0001 2087
1696444971018 0.0001 2088
1696444976854 0.0001 2089
1696444976912 0.0001 2090
1696444976970 0.0001 2091
1696444977027 0.0001 2092
1696444977085 0.0001 2093
1696444977142 0.0001 2094
1696444977198 0.0001 2095
1696444977256 0.0001 2096
1696444977313 0.0001 2097
1696444977372 0.0001 2098
1696444977429 0.0001 2099
1696444977487 0.0001 2100
1696444977545 0.0001 2101
1696444977602 0.0001 2102
1696444977660 0.0001 2103
1696444977717 0.0001 2104
1696444977777 0.0001 2105
1696444977839 0.0001 2106
1696444977897 0.0001 2107
1696444977954 0.0001 2108
1696444978012 0.0001 2109
1696444978070 0.0001 2110
1696444978123 0.0001 2111
1696444978176 0.0001 2112
1696444984094 0.0001 2113
1696444984153 0.0001 2114
1696444984211 0.0001 2115
1696444984271 0.0001 2116
1696444984332 0.0001 2117
1696444984392 0.0001 2118
1696444984451 0.0001 2119
1696444984512 0.0001 2120
1696444984572 0.0001 2121
1696444984633 0.0001 2122
1696444984693 0.0001 2123
1696444984753 0.0001 2124
1696444984813 0.0001 2125
1696444984874 0.0001 2126
1696444984934 0.0001 2127
1696444984994 0.0001 2128
1696444985055 0.0001 2129
1696444985116 0.0001 2130
1696444985177 0.0001 2131
1696444985241 0.0001 2132
1696444985300 0.0001 2133
1696444985358 0.0001 2134
1696444985412 0.0001 2135
1696444985465 0.0001 2136
1696444991329 0.0001 2137
1696444991390 0.0001 2138
1696444991448 0.0001 2139
1696444991506 0.0001 2140
1696444991564 0.0001 2141
1696444991622 0.0001 2142
1696444991681 0.0001 2143
1696444991739 0.0001 2144
1696444991795 0.0001 2145
1696444991852 0.0001 2146
1696444991909 0.0001 2147
1696444991967 0.0001 2148
1696444992026 0.0001 2149
1696444992084 0.0001 2150
1696444992142 0.0001 2151
1696444992200 0.0001 2152
1696444992259 0.0001 2153
1696444992317 0.0001 2154
1696444992375 0.0001 2155
1696444992433 0.0001 2156
1696444992491 0.0001 2157
1696444992549 0.0001 2158
1696444992603 0.0001 2159
1696444992657 0.0001 2160
1696444998540 0.0001 2161
1696444998597 0.0001 2162
1696444998657 0.0001 2163
1696444998715 0.0001 2164
1696444998772 0.0001 2165
1696444998829 0.0001 2166
1696444998885 0.0001 2167
1696444998943 0.0001 2168
1696444999000 0.0001 2169
1696444999056 0.0001 2170
1696444999113 0.0001 2171
1696444999169 0.0001 2172
1696444999225 0.0001 2173
1696444999282 0.0001 2174
1696444999339 0.0001 2175
1696444999396 0.0001 2176
1696444999453 0.0001 2177
1696444999511 0.0001 2178
1696444999568 0.0001 2179
1696444999625 0.0001 2180
1696444999684 0.0001 2181
1696444999746 0.0001 2182
1696444999803 0.0001 2183
1696444999857 0.0001 2184
1696445005782 0.0001 2185
1696445005840 0.0001 2186
1696445005898 0.0001 2187
1696445005956 0.0001 2188
1696445006014 0.0001 2189
1696445006070 0.0001 2190
1696445006127 0.0001 2191
1696445006184 0.0001 2192
1696445006241 0.0001 2193
1696445006298 0.0001 2194
1696445006355 0.0001 2195
1696445006411 0.0001 2196
1696445006468 0.0001 2197
1696445006525 0.0001 2198
1696445006582 0.0001 2199
1696445006639 0.0001 2200
1696445006696 0.0001 2201
1696445006755 0.0001 2202
1696445006812 0.0001 2203
1696445006869 0.0001 2204
1696445006927 0.0001 2205
1696445006985 0.0001 2206
1696445007038 0.0001 2207
1696445007091 0.0001 2208
1696445013005 0.0001 2209
1696445013064 0.0001 2210
1696445013122 0.0001 2211
1696445013180 0.0001 2212
1696445013238 0.0001 2213
1696445013296 0.0001 2214
1696445013354 0.0001 2215
1696445013412 0.0001 2216
1696445013469 0.0001 2217
1696445013526 0.0001 2218
1696445013584 0.0001 2219
1696445013641 0.0001 2220
1696445013699 0.0001 2221
1696445013757 0.0001 2222
1696445013814 0.0001 2223
1696445013871 0.0001 2224
1696445013929 0.0001 2225
1696445013986 0.0001 2226
1696445014043 0.0001 2227
1696445014101 0.0001 2228
1696445014159 0.0001 2229
1696445014217 0.0001 2230
1696445014270 0.0001 2231
1696445014323 0.0001 2232
1696445020353 0.0001 2233
1696445020411 0.0001 2234
1696445020469 0.0001 2235
1696445020527 0.0001 2236
1696445020586 0.0001 2237
1696445020644 0.0001 2238
1696445020704 0.0001 2239
1696445020762 0.0001 2240
1696445020819 0.0001 2241
1696445020877 0.0001 2242
1696445020935 0.0001 2243
1696445020993 0.0001 2244
1696445021051 0.0001 2245
1696445021110 0.0001 2246
1696445021169 0.0001 2247
1696445021226 0.0001 2248
1696445021284 0.0001 2249
1696445021342 0.0001 2250
1696445021400 0.0001 2251
1696445021459 0.0001 2252
1696445021520 0.0001 2253
1696445021579 0.0001 2254
1696445021634 0.0001 2255
1696445021688 0.0001 2256
1696445027607 0.0001 2257
1696445027667 0.0001 2258
1696445027725 0.0001 2259
1696445027783 0.0001 2260
1696445027841 0.0001 2261
1696445027898 0.0001 2262
1696445027955 0.0001 2263
1696445028013 0.0001 2264
1696445028069 0.0001 2265
1696445028125 0.0001 2266
1696445028183 0.0001 2267
1696445028240 0.0001 2268
1696445028298 0.0001 2269
1696445028357 0.0001 2270
1696445028417 0.0001 2271
1696445028476 0.0001 2272
1696445028534 0.0001 2273
1696445028593 0.0001 2274
1696445028652 0.0001 2275
1696445028711 0.0001 2276
1696445028768 0.0001 2277
1696445028825 0.0001 2278
1696445028877 0.0001 2279
1696445028930 0.0001 2280
1696445034760 0.0001 2281
1696445034819 0.0001 2282
1696445034876 0.0001 2283
1696445034934 0.0001 2284
1696445034991 0.0001 2285
1696445035048 0.0001 2286
1696445035104 0.0001 2287
1696445035161 0.0001 2288
1696445035217 0.0001 2289
1696445035274 0.0001 2290
1696445035332 0.0001 2291
1696445035390 0.0001 2292
1696445035447 0.0001 2293
1696445035503 0.0001 2294
1696445035559 0.0001 2295
1696445035616 0.0001 2296
1696445035674 0.0001 2297
1696445035731 0.0001 2298
1696445035789 0.0001 2299
1696445035846 0.0001 2300
1696445035903 0.0001 2301
1696445035960 0.0001 2302
1696445036013 0.0001 2303
1696445036065 0.0001 2304
1696445041981 0.0001 2305
1696445042039 0.0001 2306
1696445042096 0.0001 2307
1696445042153 0.0001 2308
1696445042211 0.0001 2309
1696445042269 0.0001 2310
1696445042327 0.0001 2311
1696445042384 0.0001 2312
1696445042442 0.0001 2313
1696445042499 0.0001 2314
1696445042556 0.0001 2315
1696445042614 0.0001 2316
1696445042673 0.0001 2317
1696445042731 0.0001 2318
1696445042789 0.0001 2319
1696445042847 0.0001 2320
1696445042905 0.0001 2321
1696445042961 0.0001 2322
1696445043022 0.0001 2323
1696445043080 0.0001 2324
1696445043136 0.0001 2325
1696445043194 0.0001 2326
1696445043248 0.0001 2327
1696445043301 0.0001 2328
1696445049180 0.0001 2329
1696445049238 0.0001 2330
1696445049296 0.0001 2331
1696445049353 0.0001 2332
1696445049411 0.0001 2333
1696445049471 0.0001 2334
1696445049532 0.0001 2335
1696445049589 0.0001 2336
1696445049647 0.0001 2337
1696445049708 0.0001 2338
1696445049778 0.0001 2339
1696445049838 0.0001 2340
1696445049897 0.0001 2341
1696445049956 0.0001 2342
1696445050014 0.0001 2343
1696445050070 0.0001 2344
1696445050128 0.0001 2345
1696445050187 0.0001 2346
1696445050244 0.0001 2347
1696445050301 0.0001 2348
1696445050360 0.0001 2349
1696445050417 0.0001 2350
1696445050470 0.0001 2351
1696445050524 0.0001 2352
1696445056435 0.0001 2353
1696445056493 0.0001 2354
1696445056551 0.0001 2355
1696445056609 0.0001 2356
1696445056669 0.0001 2357
1696445056729 0.0001 2358
1696445056788 0.0001 2359
1696445056847 0.0001 2360
1696445056905 0.0001 2361
1696445056964 0.0001 2362
1696445057022 0.0001 2363
1696445057080 0.0001 2364
1696445057137 0.0001 2365
1696445057195 0.0001 2366
1696445057256 0.0001 2367
1696445057316 0.0001 2368
1696445057373 0.0001 2369
1696445057431 0.0001 2370
1696445057489 0.0001 2371
1696445057547 0.0001 2372
1696445057606 0.0001 2373
1696445057665 0.0001 2374
1696445057721 0.0001 2375
1696445057773 0.0001 2376
1696445063615 0.0001 2377
1696445063673 0.0001 2378
1696445063731 0.0001 2379
1696445063788 0.0001 2380
1696445063844 0.0001 2381
1696445063903 0.0001 2382
1696445063960 0.0001 2383
1696445064017 0.0001 2384
1696445064075 0.0001 2385
1696445064132 0.0001 2386
1696445064189 0.0001 2387
1696445064245 0.0001 2388
1696445064302 0.0001 2389
1696445064361 0.0001 2390
1696445064418 0.0001 2391
1696445064476 0.0001 2392
1696445064532 0.0001 2393
1696445064589 0.0001 2394
1696445064647 0.0001 2395
1696445064706 0.0001 2396
1696445064764 0.0001 2397
1696445064821 0.0001 2398
1696445064874 0.0001 2399
1696445064927 0.0001 2400
