1696444354144 0.639765202999115 1
1696444361560 0.7454314827919006 2
1696444368859 0.6264533996582031 3
1696444376044 0.6506921052932739 4
1696444383141 0.6071522831916809 5
1696444390350 0.6746786236763 6
1696444397409 0.7214559316635132 7
1696444404544 0.6865271925926208 8
1696444411672 0.6603917479515076 9
1696444418805 0.7261908650398254 10
1696444425848 0.6272917985916138 11
1696444433021 0.6967704892158508 12
1696444440171 0.7353246808052063 13
1696444447299 0.7417647242546082 14
1696444454592 0.617059051990509 15
1696444461779 0.6659959554672241 16
1696444468901 0.7170001268386841 17
1696444476000 0.7266190052032471 18
1696444483185 0.6442673206329346 19
1696444490303 0.751542866230011 20
1696444497474 0.6378452777862549 21
1696444504578 0.5554935336112976 22
1696444511640 0.5560004115104675 23
1696444518850 0.6934532523155212 24
1696444525992 0.5759215354919434 25
1696444533165 0.7054976224899292 26
1696444540248 0.7755162715911865 27
1696444547355 0.7954369783401489 28
1696444554532 0.6175671815872192 29
1696444561715 0.705287516117096 30
1696444568862 0.675130307674408 31
1696444576022 0.7708699107170105 32
1696444583093 0.6450600624084473 33
1696444590367 0.6893053650856018 34
1696444597547 0.7289004921913147 35
1696444604643 0.7407968044281006 36
1696444611748 0.6644115447998047 37
1696444618887 0.812885582447052 38
1696444626111 0.6776256561279297 39
1696444633289 0.5667915940284729 40
1696444640487 0.7589962482452393 41
1696444647672 0.7620157599449158 42
1696444654992 0.7060859799385071 43
1696444662103 0.39880430698394775 44
1696444669197 0.6949307322502136 45
1696444676369 0.7818703651428223 46
1696444683579 0.7635766267776489 47
1696444690784 0.6808491945266724 48
1696444697921 0.6833510398864746 49
1696444705098 0.7170668840408325 50
1696444712231 0.743960976600647 51
1696444719450 0.6839712262153625 52
1696444726597 0.529658317565918 53
1696444733742 0.7217819094657898 54
1696444740865 0.7044211626052856 55
1696444747973 0.6833353042602539 56
1696444755172 0.6301793456077576 57
1696444762393 0.6060813069343567 58
1696444769584 0.6746575832366943 59
1696444776821 0.6550764441490173 60
1696444784016 0.7543884515762329 61
1696444791220 0.5993281602859497 62
1696444798376 0.592680037021637 63
1696444805527 0.5820268392562866 64
1696444812688 0.6056072115898132 65
1696444819839 0.7699025273323059 66
1696444826988 0.7482073903083801 67
1696444834101 0.6611111164093018 68
1696444841359 0.6947581171989441 69
1696444848471 0.6530507206916809 70
1696444855679 0.6887892484664917 71
1696444862890 0.6778391599655151 72
1696444870101 0.5967066287994385 73
1696444877227 0.7682613134384155 74
1696444884405 0.5993427038192749 75
1696444891563 0.5582228899002075 76
1696444898737 0.6683469414710999 77
1696444906069 0.5832212567329407 78
1696444913247 0.6274563074111938 79
1696444920477 0.7584644556045532 80
1696444927735 0.8294763565063477 81
1696444934972 0.7503634095191956 82
1696444942121 0.8000853061676025 83
1696444949356 0.5511068105697632 84
1696444956492 0.7223588228225708 85
1696444963846 0.6875761151313782 86
1696444971021 0.7160032391548157 87
1696444978179 0.7953929901123047 88
1696444985468 0.7732428908348083 89
1696444992660 0.7491779327392578 90
1696444999860 0.5671125650405884 91
1696445007094 0.637269139289856 92
1696445014325 0.7228195071220398 93
1696445021691 0.7064357995986938 94
1696445028933 0.6343659162521362 95
1696445036068 0.5631939768791199 96
1696445043303 0.5528343915939331 97
1696445050527 0.7613601684570312 98
1696445057776 0.7081575393676758 99
1696445064930 0.6063033938407898 100
