1695661209569 0.6751172542572021 1
1695661209609 0.7726157307624817 2
1695661209647 0.7453286647796631 3
1695661209680 0.7920891046524048 4
1695661209712 0.753661572933197 5
1695661211305 0.7625846862792969 6
1695661211345 0.7473541498184204 7
1695661211384 0.7210952043533325 8
1695661211418 0.7689117789268494 9
1695661211450 0.7351269721984863 10
1695661212896 0.7413644790649414 11
1695661212936 0.7293329238891602 12
1695661212973 0.7461242079734802 13
1695661213007 0.7498898506164551 14
1695661213040 0.7519165873527527 15
1695661214474 0.7634429931640625 16
1695661214514 0.7280073165893555 17
1695661214553 0.7289968132972717 18
1695661214587 0.9716695547103882 19
1695661214620 0.7303922772407532 20
1695661216053 0.7627716064453125 21
1695661216092 1.1521663665771484 22
1695661216131 0.7283414006233215 23
1695661216165 0.732508659362793 24
1695661216198 0.6532758474349976 25
1695661217639 0.7359395027160645 26
1695661217679 0.7194665670394897 27
1695661217720 0.8040435314178467 28
1695661217754 0.722615659236908 29
1695661217788 0.7478278279304504 30
1695661219241 0.5864914059638977 31
1695661219280 0.7302223443984985 32
1695661219318 0.7483413219451904 33
1695661219351 0.7054275274276733 34
1695661219383 0.6389029622077942 35
1695661220863 0.7748718857765198 36
1695661220902 0.719246506690979 37
1695661220941 0.7592558264732361 38
1695661220975 0.74020916223526 39
1695661221009 0.8263338804244995 40
1695661222455 0.6319764852523804 41
1695661222494 0.74615478515625 42
1695661222532 0.747899055480957 43
1695661222564 0.7309331297874451 44
1695661222598 0.909713625907898 45
1695661224045 0.7329511046409607 46
1695661224086 0.7173503637313843 47
1695661224127 0.6742194294929504 48
1695661224161 0.7427356839179993 49
1695661224195 0.5702142715454102 50
1695661225754 0.6890114545822144 51
1695661225791 0.7042664289474487 52
1695661225829 0.754098653793335 53
1695661225861 0.5905203223228455 54
1695661225894 0.7759098410606384 55
1695661227484 0.7196495532989502 56
1695661227521 0.7260734438896179 57
1695661227560 0.6872315406799316 58
1695661227596 0.7170562148094177 59
1695661227629 0.7001986503601074 60
1695661229177 0.7183530926704407 61
1695661229217 0.6298806071281433 62
1695661229255 0.6058539748191833 63
1695661229288 0.7181908488273621 64
1695661229320 0.7268849611282349 65
1695661230789 0.8053016662597656 66
1695661230827 0.6947952508926392 67
1695661230866 0.7391616106033325 68
1695661230899 0.7538114786148071 69
1695661230932 0.6515198945999146 70
1695661232408 0.5361918807029724 71
1695661232447 0.7391639351844788 72
1695661232485 0.6876600980758667 73
1695661232519 0.7071123123168945 74
1695661232552 0.6920595169067383 75
1695661234004 1.115217924118042 76
1695661234042 0.6655653715133667 77
1695661234080 0.6352081894874573 78
1695661234114 0.6538241505622864 79
1695661234146 0.6901770830154419 80
1695661235603 0.6833099722862244 81
1695661235643 0.7158256769180298 82
1695661235685 0.8751015663146973 83
1695661235720 0.7262980937957764 84
1695661235753 0.7690186500549316 85
1695661237258 0.8442213535308838 86
1695661237297 0.7176216840744019 87
1695661237335 0.6029608845710754 88
1695661237368 0.7098316550254822 89
1695661237402 0.5173859596252441 90
1695661238953 0.687349259853363 91
1695661238992 0.7791244983673096 92
1695661239030 0.8734680414199829 93
1695661239063 0.6143864989280701 94
1695661239097 0.6673901081085205 95
1695661240604 0.6704410314559937 96
1695661240646 0.5117977261543274 97
1695661240686 0.7230010032653809 98
1695661240721 0.4814004600048065 99
1695661240755 0.6585127115249634 100
1695661242331 0.702168345451355 101
1695661242369 0.7071558237075806 102
1695661242407 0.7545198202133179 103
1695661242440 0.7266845703125 104
1695661242474 0.713819682598114 105
1695661244042 0.6781262755393982 106
1695661244082 0.581350564956665 107
1695661244123 0.45590198040008545 108
1695661244158 0.6194036602973938 109
1695661244192 0.5500974059104919 110
1695661245748 0.5291614532470703 111
1695661245788 0.530510663986206 112
1695661245829 0.6970739364624023 113
1695661245863 0.711855947971344 114
1695661245896 0.719377875328064 115
1695661247380 0.6951555013656616 116
1695661247419 0.6589956283569336 117
1695661247457 1.1171669960021973 118
1695661247492 0.6448279619216919 119
1695661247525 0.7164303064346313 120
1695661249109 0.7088444232940674 121
1695661249147 0.6870684623718262 122
1695661249186 0.7143710851669312 123
1695661249220 0.6313479542732239 124
1695661249253 0.6964160799980164 125
1695661250805 0.3735455870628357 126
1695661250844 0.7352032661437988 127
1695661250882 0.8536478281021118 128
1695661250915 0.7005037665367126 129
1695661250948 0.41572844982147217 130
1695661252493 0.4233299791812897 131
1695661252541 0.6908108592033386 132
1695661252583 0.720967173576355 133
1695661252617 0.5883179903030396 134
1695661252650 0.787091851234436 135
1695661254151 0.740733802318573 136
1695661254190 0.710807740688324 137
1695661254229 0.7326804995536804 138
1695661254263 0.7715691924095154 139
1695661254296 0.6728869676589966 140
1695661255791 0.6771793961524963 141
1695661255830 0.6323196887969971 142
1695661255869 0.6936475038528442 143
1695661255902 0.6798633933067322 144
1695661255935 0.6657599210739136 145
1695661257435 0.5975776314735413 146
1695661257473 0.6536773443222046 147
1695661257511 0.6045738458633423 148
1695661257547 0.9062516689300537 149
1695661257580 0.7215780019760132 150
1695661259075 0.5144264698028564 151
1695661259115 0.7232273817062378 152
1695661259152 0.853309154510498 153
1695661259185 0.7603610754013062 154
1695661259219 0.5323009490966797 155
1695661260741 0.6632373332977295 156
1695661260783 0.7044050097465515 157
1695661260825 0.7096681594848633 158
1695661260859 0.6486099362373352 159
1695661260891 0.6922342777252197 160
1695661262457 0.7411684393882751 161
1695661262496 0.6676926612854004 162
1695661262537 0.535281240940094 163
1695661262573 0.5606303215026855 164
1695661262607 0.6771055459976196 165
1695661264116 0.730435848236084 166
1695661264155 0.45778146386146545 167
1695661264194 0.6845237016677856 168
1695661264228 0.7088593244552612 169
1695661264262 0.340328186750412 170
1695661265818 0.46887025237083435 171
1695661265858 0.7138622999191284 172
1695661265896 0.6510125398635864 173
1695661265929 0.562741219997406 174
1695661265961 0.6998573541641235 175
1695661267471 0.6667965650558472 176
1695661267510 0.6899970173835754 177
1695661267549 0.6527414321899414 178
1695661267584 0.6707037687301636 179
1695661267617 0.655176043510437 180
1695661269175 0.6301288604736328 181
1695661269217 0.6504465341567993 182
1695661269259 0.6644137501716614 183
1695661269295 0.672232449054718 184
1695661269330 0.6515451073646545 185
1695661270851 0.48428595066070557 186
1695661270890 0.4860803484916687 187
1695661270927 0.6404560804367065 188
1695661270961 0.6662455797195435 189
1695661270994 0.6443021297454834 190
1695661272591 0.711562991142273 191
1695661272632 0.6246147155761719 192
1695661272672 0.6381092071533203 193
1695661272706 0.6454294919967651 194
1695661272739 0.4962196350097656 195
1695661274275 0.6446988582611084 196
1695661274315 0.49781039357185364 197
1695661274357 0.6546497941017151 198
1695661274393 1.0097814798355103 199
1695661274426 0.730376124382019 200
1695661276012 0.7965632677078247 201
1695661276053 0.5464650392532349 202
1695661276091 0.703266441822052 203
1695661276124 0.7194139361381531 204
1695661276157 0.7076247334480286 205
1695661277692 0.6759243011474609 206
1695661277730 0.6866070032119751 207
1695661277769 0.7469888925552368 208
1695661277802 0.6841558814048767 209
1695661277837 0.5695788860321045 210
1695661279357 0.6613507270812988 211
1695661279397 0.48825329542160034 212
1695661279437 0.6950575113296509 213
1695661279472 0.37531813979148865 214
1695661279507 0.650534987449646 215
1695661281058 0.7176405787467957 216
1695661281099 1.2972851991653442 217
1695661281140 0.6393228769302368 218
1695661281175 0.6398406028747559 219
1695661281208 0.64582359790802 220
1695661282755 0.6993978023529053 221
1695661282795 0.6246439218521118 222
1695661282833 0.6448357701301575 223
1695661282869 0.44991064071655273 224
1695661282905 0.623559832572937 225
1695661284459 0.47984814643859863 226
1695661284499 0.6388460993766785 227
1695661284544 1.486964464187622 228
1695661284582 0.6411592960357666 229
1695661284621 0.6110153198242188 230
1695661286186 0.4426550269126892 231
1695661286227 0.5980852246284485 232
1695661286269 0.7022088170051575 233
1695661286305 0.6732062101364136 234
1695661286340 0.6659778356552124 235
1695661287894 0.6690474152565002 236
1695661287937 0.6443344354629517 237
1695661287978 0.6441638469696045 238
1695661288014 0.6877222657203674 239
1695661288050 0.59416663646698 240
1695661289639 0.647299587726593 241
1695661289679 0.5081482529640198 242
1695661289721 0.6337089538574219 243
1695661289755 0.6300008893013 244
1695661289789 0.6433597803115845 245
1695661291342 0.6373112201690674 246
1695661291380 0.6381545066833496 247
1695661291419 0.5493078827857971 248
1695661291452 0.5594898462295532 249
1695661291486 0.6741860508918762 250
