1695661209570 0.0001 1
1695661209610 0.0001 2
1695661209648 0.0001 3
1695661209680 0.0001 4
1695661209713 0.0001 5
1695661211306 0.0001 6
1695661211346 0.0001 7
1695661211385 0.0001 8
1695661211418 0.0001 9
1695661211451 0.0001 10
1695661212897 0.0001 11
1695661212936 0.0001 12
1695661212974 0.0001 13
1695661213008 0.0001 14
1695661213041 0.0001 15
1695661214475 0.0001 16
1695661214515 0.0001 17
1695661214554 0.0001 18
1695661214588 0.0001 19
1695661214621 0.0001 20
1695661216054 0.0001 21
1695661216093 0.0001 22
1695661216132 0.0001 23
1695661216166 0.0001 24
1695661216199 0.0001 25
1695661217640 0.0001 26
1695661217680 0.0001 27
1695661217721 0.0001 28
1695661217755 0.0001 29
1695661217789 0.0001 30
1695661219242 0.0001 31
1695661219281 0.0001 32
1695661219319 0.0001 33
1695661219351 0.0001 34
1695661219384 0.0001 35
1695661220864 0.0001 36
1695661220903 0.0001 37
1695661220942 0.0001 38
1695661220975 0.0001 39
1695661221009 0.0001 40
1695661222456 0.0001 41
1695661222495 0.0001 42
1695661222533 0.0001 43
1695661222565 0.0001 44
1695661222599 0.0001 45
1695661224046 0.0001 46
1695661224087 0.0001 47
1695661224128 0.0001 48
1695661224162 0.0001 49
1695661224196 0.0001 50
1695661225755 0.0001 51
1695661225792 0.0001 52
1695661225830 0.0001 53
1695661225862 0.0001 54
1695661225895 0.0001 55
1695661227484 0.0001 56
1695661227522 0.0001 57
1695661227561 0.0001 58
1695661227597 0.0001 59
1695661227630 0.0001 60
1695661229178 0.0001 61
1695661229218 0.0001 62
1695661229256 0.0001 63
1695661229288 0.0001 64
1695661229321 0.0001 65
1695661230790 0.0001 66
1695661230828 0.0001 67
1695661230867 0.0001 68
1695661230900 0.0001 69
1695661230933 0.0001 70
1695661232409 0.0001 71
1695661232448 0.0001 72
1695661232486 0.0001 73
1695661232520 0.0001 74
1695661232553 0.0001 75
1695661234004 0.0001 76
1695661234042 0.0001 77
1695661234081 0.0001 78
1695661234115 0.0001 79
1695661234147 0.0001 80
1695661235604 0.0001 81
1695661235645 0.0001 82
1695661235686 0.0001 83
1695661235721 0.0001 84
1695661235754 0.0001 85
1695661237259 0.0001 86
1695661237298 0.0001 87
1695661237336 0.0001 88
1695661237369 0.0001 89
1695661237403 0.0001 90
1695661238954 0.0001 91
1695661238993 0.0001 92
1695661239031 0.0001 93
1695661239064 0.0001 94
1695661239098 0.0001 95
1695661240605 0.0001 96
1695661240647 0.0001 97
1695661240687 0.0001 98
1695661240721 0.0001 99
1695661240756 0.0001 100
1695661242332 0.0001 101
1695661242370 0.0001 102
1695661242408 0.0001 103
1695661242441 0.0001 104
1695661242475 0.0001 105
1695661244043 0.0001 106
1695661244084 0.0001 107
1695661244124 0.0001 108
1695661244159 0.0001 109
1695661244193 0.0001 110
1695661245749 0.0001 111
1695661245789 0.0001 112
1695661245830 0.0001 113
1695661245864 0.0001 114
1695661245897 0.0001 115
1695661247381 0.0001 116
1695661247420 0.0001 117
1695661247459 0.0001 118
1695661247493 0.0001 119
1695661247526 0.0001 120
1695661249110 0.0001 121
1695661249147 0.0001 122
1695661249187 0.0001 123
1695661249221 0.0001 124
1695661249254 0.0001 125
1695661250806 0.0001 126
1695661250845 0.0001 127
1695661250883 0.0001 128
1695661250916 0.0001 129
1695661250949 0.0001 130
1695661252495 0.0001 131
1695661252542 0.0001 132
1695661252584 0.0001 133
1695661252618 0.0001 134
1695661252651 0.0001 135
1695661254152 0.0001 136
1695661254191 0.0001 137
1695661254230 0.0001 138
1695661254264 0.0001 139
1695661254297 0.0001 140
1695661255792 0.0001 141
1695661255831 0.0001 142
1695661255869 0.0001 143
1695661255903 0.0001 144
1695661255936 0.0001 145
1695661257435 0.0001 146
1695661257474 0.0001 147
1695661257513 0.0001 148
1695661257548 0.0001 149
1695661257581 0.0001 150
1695661259077 0.0001 151
1695661259116 0.0001 152
1695661259153 0.0001 153
1695661259186 0.0001 154
1695661259220 0.0001 155
1695661260742 0.0001 156
1695661260784 0.0001 157
1695661260826 0.0001 158
1695661260859 0.0001 159
1695661260892 0.0001 160
1695661262458 0.0001 161
1695661262497 0.0001 162
1695661262538 0.0001 163
1695661262573 0.0001 164
1695661262608 0.0001 165
1695661264117 0.0001 166
1695661264156 0.0001 167
1695661264195 0.0001 168
1695661264229 0.0001 169
1695661264263 0.0001 170
1695661265819 0.0001 171
1695661265859 0.0001 172
1695661265897 0.0001 173
1695661265930 0.0001 174
1695661265962 0.0001 175
1695661267472 0.0001 176
1695661267511 0.0001 177
1695661267550 0.0001 178
1695661267585 0.0001 179
1695661267618 0.0001 180
1695661269176 0.0001 181
1695661269219 0.0001 182
1695661269260 0.0001 183
1695661269296 0.0001 184
1695661269331 0.0001 185
1695661270852 0.0001 186
1695661270890 0.0001 187
1695661270928 0.0001 188
1695661270962 0.0001 189
1695661270995 0.0001 190
1695661272593 0.0001 191
1695661272633 0.0001 192
1695661272673 0.0001 193
1695661272707 0.0001 194
1695661272740 0.0001 195
1695661274276 0.0001 196
1695661274317 0.0001 197
1695661274358 0.0001 198
1695661274394 0.0001 199
1695661274427 0.0001 200
1695661276013 0.0001 201
1695661276054 0.0001 202
1695661276092 0.0001 203
1695661276125 0.0001 204
1695661276158 0.0001 205
1695661277693 0.0001 206
1695661277731 0.0001 207
1695661277770 0.0001 208
1695661277803 0.0001 209
1695661277838 0.0001 210
1695661279358 0.0001 211
1695661279399 0.0001 212
1695661279438 0.0001 213
1695661279473 0.0001 214
1695661279508 0.0001 215
1695661281059 0.0001 216
1695661281101 0.0001 217
1695661281142 0.0001 218
1695661281176 0.0001 219
1695661281209 0.0001 220
1695661282756 0.0001 221
1695661282796 0.0001 222
1695661282834 0.0001 223
1695661282870 0.0001 224
1695661282906 0.0001 225
1695661284460 0.0001 226
1695661284500 0.0001 227
1695661284545 0.0001 228
1695661284584 0.0001 229
1695661284623 0.0001 230
1695661286187 0.0001 231
1695661286228 0.0001 232
1695661286270 0.0001 233
1695661286306 0.0001 234
1695661286341 0.0001 235
1695661287895 0.0001 236
1695661287938 0.0001 237
1695661287979 0.0001 238
1695661288015 0.0001 239
1695661288051 0.0001 240
1695661289640 0.0001 241
1695661289680 0.0001 242
1695661289722 0.0001 243
1695661289756 0.0001 244
1695661289790 0.0001 245
1695661291343 0.0001 246
1695661291381 0.0001 247
1695661291420 0.0001 248
1695661291453 0.0001 249
1695661291487 0.0001 250
