1695661209715 0.08079660683870316 1
1695661211453 0.0028858559671789408 2
1695661213043 0.02709769457578659 3
1695661214622 0.0003280614619143307 4
1695661216201 0.027199313044548035 5
1695661217790 0.007250417489558458 6
1695661219386 0.07852006703615189 7
1695661221011 0.047418102622032166 8
1695661222601 0.059962328523397446 9
1695661224198 0.11138048768043518 10
1695661225897 0.2758476734161377 11
1695661227632 0.0067972163669764996 12
1695661229322 0.12594257295131683 13
1695661230934 0.010102701373398304 14
1695661232555 0.1820068508386612 15
1695661234148 0.06521192193031311 16
1695661235756 0.1947663426399231 17
1695661237404 0.20505686104297638 18
1695661239100 0.0811210349202156 19
1695661240758 0.282213032245636 20
1695661242476 0.005798459053039551 21
1695661244195 0.3187984526157379 22
1695661245898 0.31251201033592224 23
1695661247527 0.17464637756347656 24
1695661249256 0.39542707800865173 25
1695661250951 0.5879984498023987 26
1695661252653 0.36777663230895996 27
1695661254299 0.30905812978744507 28
1695661255938 0.059766463935375214 29
1695661257584 0.16046370565891266 30
1695661259222 0.3630233407020569 31
1695661260894 0.6356521248817444 32
1695661262610 0.3410339951515198 33
1695661264265 0.7307765483856201 34
1695661265964 0.5540517568588257 35
1695661267620 0.011568239890038967 36
1695661269333 0.42726683616638184 37
1695661270997 0.14176402986049652 38
1695661272742 0.25033092498779297 39
1695661274429 0.494815468788147 40
1695661276160 0.5382969975471497 41
1695661277839 0.12716332077980042 42
1695661279510 0.4566054046154022 43
1695661281211 0.2594512104988098 44
1695661282908 0.042241547256708145 45
1695661284625 0.027875132858753204 46
1695661286343 0.26969489455223083 47
1695661288053 0.004822521470487118 48
1695661289792 0.03594452887773514 49
1695661291488 0.05154995247721672 50
