1695641314426 1.5004725456237793 1
1695641314538 1.2783347368240356 2
1695641314671 1.4772591590881348 3
1695641314729 1.366175889968872 4
1695641314770 1.373885154724121 5
1695641314809 1.4462738037109375 6
1695641314849 1.277683138847351 7
1695641314889 1.400290608406067 8
1695641314929 1.4238758087158203 9
1695641314970 1.4050979614257812 10
1695641315011 1.1211634874343872 11
1695641315123 1.3037095069885254 12
1695641315181 1.283074975013733 13
1695641315221 1.3923494815826416 14
1695641315262 1.3550983667373657 15
1695641315302 1.3609466552734375 16
1695641315342 1.36692214012146 17
1695641315382 1.3760011196136475 18
1695641315422 1.360954999923706 19
1695641315462 1.359936237335205 20
1695641315543 1.352174162864685 21
1695641315585 1.207768440246582 22
1695641315631 1.3299875259399414 23
1695641315673 1.3286991119384766 24
1695641315715 1.2149434089660645 25
1695641315755 1.332751750946045 26
1695641315796 1.328136682510376 27
1695641315838 1.1105408668518066 28
1695641315877 1.317274570465088 29
1695641315916 1.3188239336013794 30
1695641315958 1.324698567390442 31
1695641315999 1.3118442296981812 32
1695641316039 1.2952786684036255 33
1695641316080 1.2181107997894287 34
1695641316120 1.2649555206298828 35
1695641316160 1.1674507856369019 36
1695641316201 1.283332347869873 37
1695641316242 1.1995201110839844 38
1695641316282 1.286149501800537 39
1695641316323 1.0368192195892334 40
1695641316406 1.2956650257110596 41
1695641316448 1.2806003093719482 42
1695641316492 1.062170386314392 43
1695641316535 1.163789987564087 44
1695641316581 1.1418160200119019 45
1695641316629 1.2587753534317017 46
1695641316670 1.2691843509674072 47
1695641316712 0.9845816493034363 48
1695641316827 1.2661601305007935 49
1695641316884 1.2758240699768066 50
1695641316923 1.2299509048461914 51
1695641316962 1.2625153064727783 52
1695641317001 1.269712209701538 53
1695641317041 1.0022624731063843 54
1695641317152 1.2420036792755127 55
1695641317208 1.197568416595459 56
1695641317249 1.0124621391296387 57
1695641317291 1.263864278793335 58
1695641317331 1.2599220275878906 59
1695641317371 1.252954363822937 60
1695641317452 1.0856283903121948 61
1695641317494 1.1036810874938965 62
1695641317533 1.1384572982788086 63
1695641317573 1.1000497341156006 64
1695641317613 1.2346367835998535 65
1695641317654 1.222016453742981 66
1695641317694 1.0094636678695679 67
1695641317734 0.9902199506759644 68
1695641317773 1.1346309185028076 69
1695641317812 1.2261428833007812 70
1695641317853 1.2113577127456665 71
1695641317894 1.0890529155731201 72
1695641317936 1.2305105924606323 73
1695641317977 1.2199478149414062 74
1695641318017 1.2191009521484375 75
1695641318056 1.217567801475525 76
1695641318097 1.1954474449157715 77
1695641318138 0.9526404738426208 78
1695641318177 1.2135781049728394 79
1695641318215 1.2128472328186035 80
1695641318297 0.946290135383606 81
1695641318336 1.2034578323364258 82
1695641318375 1.1925036907196045 83
1695641318414 0.9794719815254211 84
1695641318453 0.9937175512313843 85
1695641318492 1.1380894184112549 86
1695641318532 1.170472502708435 87
1695641318571 0.94659423828125 88
1695641318611 1.183354139328003 89
1695641318650 1.1200677156448364 90
1695641318689 1.0264146327972412 91
1695641318729 1.1535513401031494 92
1695641318767 1.1754109859466553 93
1695641318806 1.1638669967651367 94
1695641318845 1.168099045753479 95
1695641318885 1.007800817489624 96
1695641318927 1.1717760562896729 97
1695641318967 1.1930062770843506 98
1695641319007 1.1838898658752441 99
1695641319048 1.1321537494659424 100
