1695641314427 0.0001 1
1695641314538 0.0001 2
1695641314672 0.0001 3
1695641314730 0.0001 4
1695641314770 0.0001 5
1695641314810 0.0001 6
1695641314850 0.0001 7
1695641314890 0.0001 8
1695641314930 0.0001 9
1695641314970 0.0001 10
1695641315012 0.0001 11
1695641315124 0.0001 12
1695641315182 0.0001 13
1695641315222 0.0001 14
1695641315262 0.0001 15
1695641315303 0.0001 16
1695641315343 0.0001 17
1695641315383 0.0001 18
1695641315423 0.0001 19
1695641315463 0.0001 20
1695641315543 0.0001 21
1695641315586 0.0001 22
1695641315632 0.0001 23
1695641315674 0.0001 24
1695641315716 0.0001 25
1695641315755 0.0001 26
1695641315797 0.0001 27
1695641315838 0.0001 28
1695641315878 0.0001 29
1695641315917 0.0001 30
1695641315959 0.0001 31
1695641316000 0.0001 32
1695641316040 0.0001 33
1695641316080 0.0001 34
1695641316120 0.0001 35
1695641316161 0.0001 36
1695641316201 0.0001 37
1695641316243 0.0001 38
1695641316283 0.0001 39
1695641316323 0.0001 40
1695641316407 0.0001 41
1695641316449 0.0001 42
1695641316493 0.0001 43
1695641316536 0.0001 44
1695641316581 0.0001 45
1695641316630 0.0001 46
1695641316671 0.0001 47
1695641316712 0.0001 48
1695641316828 0.0001 49
1695641316884 0.0001 50
1695641316924 0.0001 51
1695641316963 0.0001 52
1695641317002 0.0001 53
1695641317042 0.0001 54
1695641317153 0.0001 55
1695641317209 0.0001 56
1695641317250 0.0001 57
1695641317292 0.0001 58
1695641317332 0.0001 59
1695641317371 0.0001 60
1695641317453 0.0001 61
1695641317494 0.0001 62
1695641317534 0.0001 63
1695641317574 0.0001 64
1695641317614 0.0001 65
1695641317655 0.0001 66
1695641317695 0.0001 67
1695641317735 0.0001 68
1695641317774 0.0001 69
1695641317813 0.0001 70
1695641317854 0.0001 71
1695641317895 0.0001 72
1695641317937 0.0001 73
1695641317978 0.0001 74
1695641318017 0.0001 75
1695641318056 0.0001 76
1695641318097 0.0001 77
1695641318139 0.0001 78
1695641318178 0.0001 79
1695641318216 0.0001 80
1695641318297 0.0001 81
1695641318337 0.0001 82
1695641318375 0.0001 83
1695641318414 0.0001 84
1695641318453 0.0001 85
1695641318492 0.0001 86
1695641318532 0.0001 87
1695641318572 0.0001 88
1695641318611 0.0001 89
1695641318651 0.0001 90
1695641318690 0.0001 91
1695641318729 0.0001 92
1695641318767 0.0001 93
1695641318807 0.0001 94
1695641318846 0.0001 95
1695641318886 0.0001 96
1695641318927 0.0001 97
1695641318968 0.0001 98
1695641319008 0.0001 99
1695641319048 0.0001 100
