1695641314429 0.0 1
1695641314540 0.2866435945034027 2
1695641314674 0.0 3
1695641314731 0.1043868139386177 4
1695641314772 0.08174784481525421 5
1695641314811 0.0 6
1695641314852 0.26447880268096924 7
1695641314891 0.02492487244307995 8
1695641314932 0.00012739880185108632 9
1695641314972 0.0 10
1695641315014 0.5177125334739685 11
1695641315126 0.11058948189020157 12
1695641315183 0.1236182451248169 13
1695641315224 0.0 14
1695641315264 0.020908331498503685 15
1695641315305 0.0 16
1695641315345 0.0 17
1695641315385 0.0 18
1695641315425 0.0 19
1695641315464 0.0 20
1695641315545 0.0 21
1695641315587 0.1852922886610031 22
1695641315634 0.0 23
1695641315676 0.0 24
1695641315717 0.2183367758989334 25
1695641315757 0.0 26
1695641315799 0.0 27
1695641315840 0.35180139541625977 28
1695641315879 0.0 29
1695641315919 0.0 30
1695641315961 0.00030782519024796784 31
1695641316001 0.0 32
1695641316042 0.0 33
1695641316082 0.1209091767668724 34
1695641316122 0.0312989205121994 35
1695641316163 0.17468659579753876 36
1695641316203 0.0023356243036687374 37
1695641316244 0.11957363784313202 38
1695641316285 0.010007193312048912 39
1695641316325 0.4886987507343292 40
1695641316409 0.0 41
1695641316451 0.0 42
1695641316495 0.37616267800331116 43
1695641316537 0.1787431836128235 44
1695641316583 0.200288787484169 45
1695641316632 0.002980005694553256 46
1695641316673 0.0 47
1695641316714 0.5930298566818237 48
1695641316829 0.0 49
1695641316886 0.0 50
1695641316926 0.03456897661089897 51
1695641316965 0.0 52
1695641317004 0.0 53
1695641317043 0.6303288340568542 54
1695641317155 0.007979266345500946 55
1695641317211 0.08451370894908905 56
1695641317251 0.41192004084587097 57
1695641317293 0.0104026785120368 58
1695641317333 0.0 59
1695641317373 0.0 60
1695641317455 0.23783504962921143 61
1695641317496 0.21948698163032532 62
1695641317536 0.1391306221485138 63
1695641317576 0.19812843203544617 64
1695641317616 0.0 65
1695641317657 0.005833094008266926 66
1695641317697 0.35494276881217957 67
1695641317736 0.4817865490913391 68
1695641317776 0.12693220376968384 69
1695641317815 0.0 70
1695641317856 0.006958841346204281 71
1695641317897 0.2030312865972519 72
1695641317939 0.0 73
1695641317980 0.0 74
1695641318019 0.0 75
1695641318058 0.0 76
1695641318099 0.050728559494018555 77
1695641318140 0.5260991454124451 78
1695641318180 0.0 79
1695641318218 0.0 80
1695641318299 0.48922935128211975 81
1695641318339 0.0 82
1695641318377 0.0 83
1695641318416 0.3641117215156555 84
1695641318455 0.34798794984817505 85
1695641318494 0.07076041400432587 86
1695641318534 0.021977752447128296 87
1695641318574 0.5883009433746338 88
1695641318613 0.0018226251704618335 89
1695641318652 0.09061814099550247 90
1695641318692 0.2726041078567505 91
1695641318731 0.026701640337705612 92
1695641318769 0.013610046356916428 93
1695641318808 0.030383238568902016 94
1695641318848 0.006766519509255886 95
1695641318888 0.276963472366333 96
1695641318929 0.0012738812947645783 97
1695641318970 0.008815684355795383 98
1695641319010 0.0 99
1695641319050 0.03858852759003639 100
