1695652926588 1.0280966758728027 1
1695652926624 1.2519464492797852 2
1695652926820 0.9550550580024719 3
1695652926853 1.2473920583724976 4
1695652926995 1.2535206079483032 5
1695652927028 1.2560811042785645 6
1695652927089 1.2339913845062256 7
1695652927122 1.070641040802002 8
1695652927166 1.1161130666732788 9
1695652927199 1.181544303894043 10
1695652927244 1.2590718269348145 11
1695652927276 1.2334494590759277 12
1695652927325 1.1672289371490479 13
1695652927358 1.2476937770843506 14
1695652927401 1.2573184967041016 15
1695652927433 1.0837055444717407 16
1695652927477 1.218141794204712 17
1695652927510 1.0611052513122559 18
1695652927554 1.199019193649292 19
1695652927587 1.2271358966827393 20
1695652927631 1.1913982629776 21
1695652927664 1.080554723739624 22
1695652927707 1.1525131464004517 23
1695652927740 1.055901288986206 24
1695652927783 1.2226060628890991 25
1695652927817 0.9627549648284912 26
1695652927862 1.1578090190887451 27
1695652927896 1.2038702964782715 28
1695652927942 1.149308681488037 29
1695652927975 1.1979554891586304 30
1695652928021 1.0521599054336548 31
1695652928055 0.9797202348709106 32
1695652928099 1.180572509765625 33
1695652928132 1.18776535987854 34
1695652928177 1.138887643814087 35
1695652928210 1.18789803981781 36
1695652928257 1.1257901191711426 37
1695652928290 1.1962374448776245 38
1695652928334 1.171102523803711 39
1695652928367 0.9829388856887817 40
1695652928463 1.2493393421173096 41
1695652928497 1.1633100509643555 42
1695652928544 1.0858047008514404 43
1695652928576 1.1715444326400757 44
1695652928621 1.131986379623413 45
1695652928654 1.130226969718933 46
1695652928698 1.1891453266143799 47
1695652928732 1.1312129497528076 48
1695652928775 0.9842265248298645 49
1695652928807 0.8692693114280701 50
1695652928850 1.1791934967041016 51
1695652928883 1.15737783908844 52
1695652928926 1.1515326499938965 53
1695652928958 1.0238906145095825 54
1695652929002 0.9115505814552307 55
1695652929034 1.173168420791626 56
1695652929078 1.1424760818481445 57
1695652929111 0.9502394199371338 58
1695652929156 0.9454473257064819 59
1695652929189 1.133049488067627 60
1695652929233 1.1734428405761719 61
1695652929268 0.9122992753982544 62
1695652929312 1.1343529224395752 63
1695652929345 1.1679484844207764 64
1695652929389 1.1437424421310425 65
1695652929420 1.1430964469909668 66
1695652929464 0.9264885783195496 67
1695652929497 0.8378982543945312 68
1695652929541 1.1168975830078125 69
1695652929574 1.112674593925476 70
1695652929619 0.9634389877319336 71
1695652929651 1.1378612518310547 72
1695652929695 0.9113931655883789 73
1695652929726 1.14383864402771 74
1695652929769 0.9446361064910889 75
1695652929801 1.1153181791305542 76
1695652929844 1.143543004989624 77
1695652929878 1.0630130767822266 78
1695652929921 1.0199530124664307 79
1695652929953 1.1349585056304932 80
1695652930046 1.1383713483810425 81
1695652930080 0.8692270517349243 82
1695652930125 0.9698127508163452 83
1695652930157 1.1442651748657227 84
1695652930202 1.0967376232147217 85
1695652930235 1.0409197807312012 86
1695652930281 1.0850324630737305 87
1695652930314 1.0973730087280273 88
1695652930358 1.1809325218200684 89
1695652930390 0.9237947463989258 90
1695652930434 1.0442750453948975 91
1695652930467 0.8560222387313843 92
1695652930510 1.1193139553070068 93
1695652930543 1.0777039527893066 94
1695652930587 1.056052327156067 95
1695652930620 1.1089694499969482 96
1695652930663 1.0393342971801758 97
1695652930696 1.0841562747955322 98
1695652930740 1.0744742155075073 99
1695652930772 1.0728082656860352 100
