1695652926589 0.0001 1
1695652926624 0.0001 2
1695652926821 0.0001 3
1695652926854 0.0001 4
1695652926996 0.0001 5
1695652927029 0.0001 6
1695652927090 0.0001 7
1695652927123 0.0001 8
1695652927167 0.0001 9
1695652927200 0.0001 10
1695652927244 0.0001 11
1695652927277 0.0001 12
1695652927326 0.0001 13
1695652927358 0.0001 14
1695652927401 0.0001 15
1695652927434 0.0001 16
1695652927478 0.0001 17
1695652927511 0.0001 18
1695652927555 0.0001 19
1695652927587 0.0001 20
1695652927632 0.0001 21
1695652927664 0.0001 22
1695652927708 0.0001 23
1695652927741 0.0001 24
1695652927784 0.0001 25
1695652927818 0.0001 26
1695652927863 0.0001 27
1695652927896 0.0001 28
1695652927943 0.0001 29
1695652927976 0.0001 30
1695652928022 0.0001 31
1695652928056 0.0001 32
1695652928100 0.0001 33
1695652928133 0.0001 34
1695652928177 0.0001 35
1695652928211 0.0001 36
1695652928257 0.0001 37
1695652928291 0.0001 38
1695652928335 0.0001 39
1695652928368 0.0001 40
1695652928464 0.0001 41
1695652928498 0.0001 42
1695652928544 0.0001 43
1695652928577 0.0001 44
1695652928622 0.0001 45
1695652928655 0.0001 46
1695652928699 0.0001 47
1695652928732 0.0001 48
1695652928776 0.0001 49
1695652928808 0.0001 50
1695652928851 0.0001 51
1695652928884 0.0001 52
1695652928926 0.0001 53
1695652928959 0.0001 54
1695652929003 0.0001 55
1695652929035 0.0001 56
1695652929078 0.0001 57
1695652929112 0.0001 58
1695652929157 0.0001 59
1695652929190 0.0001 60
1695652929234 0.0001 61
1695652929269 0.0001 62
1695652929313 0.0001 63
1695652929345 0.0001 64
1695652929389 0.0001 65
1695652929421 0.0001 66
1695652929464 0.0001 67
1695652929497 0.0001 68
1695652929542 0.0001 69
1695652929575 0.0001 70
1695652929620 0.0001 71
1695652929652 0.0001 72
1695652929695 0.0001 73
1695652929727 0.0001 74
1695652929770 0.0001 75
1695652929802 0.0001 76
1695652929845 0.0001 77
1695652929878 0.0001 78
1695652929922 0.0001 79
1695652929954 0.0001 80
1695652930047 0.0001 81
1695652930081 0.0001 82
1695652930126 0.0001 83
1695652930158 0.0001 84
1695652930203 0.0001 85
1695652930236 0.0001 86
1695652930282 0.0001 87
1695652930314 0.0001 88
1695652930358 0.0001 89
1695652930391 0.0001 90
1695652930435 0.0001 91
1695652930467 0.0001 92
1695652930511 0.0001 93
1695652930544 0.0001 94
1695652930588 0.0001 95
1695652930621 0.0001 96
1695652930664 0.0001 97
1695652930696 0.0001 98
1695652930740 0.0001 99
1695652930772 0.0001 100
