1695652926627 0.3470149338245392 1
1695652926856 0.6381942629814148 2
1695652927030 0.0 3
1695652927124 0.1336214691400528 4
1695652927201 0.1259206086397171 5
1695652927279 0.0 6
1695652927360 0.08980230242013931 7
1695652927436 0.25532498955726624 8
1695652927512 0.1361679881811142 9
1695652927589 0.015551364049315453 10
1695652927667 0.10687387734651566 11
1695652927742 0.15065619349479675 12
1695652927820 0.6205961108207703 13
1695652927898 0.06298176944255829 14
1695652927978 0.06983315199613571 15
1695652928058 0.42273736000061035 16
1695652928135 0.0 17
1695652928213 0.0647793784737587 18
1695652928293 0.08464450389146805 19
1695652928369 0.36007359623908997 20
1695652928500 3.950289737986168e-06 21
1695652928579 0.17115424573421478 22
1695652928656 0.03768240660429001 23
1695652928734 0.01928497478365898 24
1695652928809 0.46315038204193115 25
1695652928885 0.0 26
1695652928960 0.17493657767772675 27
1695652929037 0.27028408646583557 28
1695652929114 0.4102346897125244 29
1695652929192 0.27903974056243896 30
1695652929270 0.5916013717651367 31
1695652929347 0.03189147636294365 32
1695652929423 0.0 33
1695652929499 0.5786516070365906 34
1695652929577 0.010053052566945553 35
1695652929653 0.3261348009109497 36
1695652929729 0.544306218624115 37
1695652929803 0.18162690103054047 38
1695652929880 0.10192061960697174 39
1695652929956 0.19026020169258118 40
1695652930083 0.29758986830711365 41
1695652930159 0.2718155086040497 42
1695652930238 0.04708429053425789 43
1695652930316 0.004507833160459995 44
1695652930393 0.2781307101249695 45
1695652930469 0.2932603359222412 46
1695652930546 0.0006216565961949527 47
1695652930622 0.13899658620357513 48
1695652930698 0.11124541610479355 49
1695652930774 0.0 50
