1695676420496 0.5227459073066711 1
1695676420549 0.5306954383850098 2
1695676420591 0.3180665373802185 3
1695676420630 0.5430788397789001 4
1695676420669 0.5288429260253906 5
1695676420708 0.8124775290489197 6
1695676420744 0.39584091305732727 7
1695676420778 0.7298394441604614 8
1695676423809 2.5568037033081055 9
1695676423848 0.3518930673599243 10
1695676423887 0.5910298228263855 11
1695676423925 0.5374656915664673 12
1695676423964 0.18583205342292786 13
1695676424004 0.5474413633346558 14
1695676424039 0.5391626954078674 15
1695676424073 0.39077964425086975 16
1695676426951 0.5258201956748962 17
1695676426992 0.7279342412948608 18
1695676427031 0.8496381640434265 19
1695676427069 0.5268046855926514 20
1695676427107 0.5518316030502319 21
1695676427146 0.553154706954956 22
1695676427181 0.1922171264886856 23
1695676427215 0.3625093698501587 24
1695676430225 0.6033948659896851 25
1695676430265 0.5646689534187317 26
1695676430305 0.5701418519020081 27
1695676430345 0.6645464897155762 28
1695676430384 0.565947413444519 29
1695676430423 0.5630440711975098 30
1695676430458 0.6097376942634583 31
1695676430492 0.43702515959739685 32
1695676433378 0.7968168258666992 33
1695676433417 0.6620641350746155 34
1695676433456 1.0849145650863647 35
1695676433495 0.32816657423973083 36
1695676433534 0.5337998867034912 37
1695676433572 0.683456540107727 38
1695676433605 0.536739706993103 39
1695676433639 0.6432968974113464 40
1695676436563 0.43001213669776917 41
1695676436605 0.541495144367218 42
1695676436646 0.7008163928985596 43
1695676436685 0.6706582903862 44
1695676436725 0.6608964204788208 45
1695676436763 0.6750791072845459 46
1695676436798 0.6277137994766235 47
1695676436832 0.5335760116577148 48
1695676439705 1.882163166999817 49
1695676439745 0.5979220271110535 50
1695676439784 0.5954749584197998 51
1695676439823 0.6647518873214722 52
1695676439862 0.5688188076019287 53
1695676439901 0.6359304189682007 54
1695676439935 0.4850298762321472 55
1695676439969 0.4627409875392914 56
1695676442859 0.5118634700775146 57
1695676442900 0.5669180154800415 58
1695676442939 0.5866294503211975 59
1695676442977 0.4780436158180237 60
1695676443015 0.5902329087257385 61
1695676443052 0.5676543712615967 62
1695676443086 0.5742393732070923 63
1695676443120 0.39752548933029175 64
1695676446085 0.532935619354248 65
1695676446124 0.5296661257743835 66
1695676446162 0.5655587315559387 67
1695676446200 0.8100171685218811 68
1695676446240 0.5261826515197754 69
1695676446279 0.3262147307395935 70
1695676446312 0.6475926041603088 71
1695676446346 0.3042480945587158 72
1695676449339 0.5256705284118652 73
1695676449379 0.5438843369483948 74
1695676449420 0.5328041911125183 75
1695676449459 0.5572307705879211 76
1695676449498 0.5298542976379395 77
1695676449537 0.17689812183380127 78
1695676449571 0.5391995906829834 79
1695676449604 0.5372143387794495 80
1695676452522 0.5332654118537903 81
1695676452566 0.5342074632644653 82
1695676452607 0.33980733156204224 83
1695676452646 0.5338519811630249 84
1695676452684 0.500617265701294 85
1695676452723 0.5463901162147522 86
1695676452757 0.5344190001487732 87
1695676452790 0.5246081352233887 88
1695676455679 0.5372903943061829 89
1695676455719 0.4423929750919342 90
1695676455759 0.43938034772872925 91
1695676455798 0.3334084153175354 92
1695676455838 0.25983768701553345 93
1695676455877 0.526547908782959 94
1695676455910 2.1465911865234375 95
1695676455944 0.26195353269577026 96
1695676458861 0.5326189994812012 97
1695676458902 0.20308786630630493 98
1695676458940 0.27508682012557983 99
1695676458978 0.6002737283706665 100
1695676459018 0.5943260192871094 101
1695676459057 0.5632921457290649 102
1695676459091 0.3811517357826233 103
1695676459125 0.4487617313861847 104
1695676462099 0.5605848431587219 105
1695676462138 0.3543112277984619 106
1695676462177 0.5372863411903381 107
1695676462216 0.4085063934326172 108
1695676462254 0.6030666828155518 109
1695676462294 0.6683783531188965 110
1695676462330 0.385387659072876 111
1695676462363 1.7157272100448608 112
1695676465316 0.5981372594833374 113
1695676465355 0.1275825947523117 114
1695676465394 0.6496148109436035 115
1695676465432 0.8390218615531921 116
1695676465471 0.6381000876426697 117
1695676465509 0.6675729751586914 118
1695676465542 0.5788875222206116 119
1695676465576 0.25616276264190674 120
1695676468563 0.19969221949577332 121
1695676468604 0.4371047616004944 122
1695676468643 0.3006059527397156 123
1695676468684 0.3908248543739319 124
1695676468724 0.3590281903743744 125
1695676468763 0.5507562160491943 126
1695676468797 0.5559314489364624 127
1695676468831 0.29170793294906616 128
1695676471769 0.531524658203125 129
1695676471807 0.5418769121170044 130
1695676471846 0.5342600345611572 131
1695676471886 0.3260253071784973 132
1695676471926 0.6987189650535583 133
1695676471966 0.5007883310317993 134
1695676471999 0.5831587314605713 135
1695676472032 0.5537307858467102 136
1695676475004 0.5504336953163147 137
1695676475044 0.54482102394104 138
1695676475084 0.1710370033979416 139
1695676475123 0.16852371394634247 140
1695676475163 0.3963126242160797 141
1695676475203 0.3460409343242645 142
1695676475237 0.5490827560424805 143
1695676475271 0.2189808189868927 144
1695676478224 0.5647569298744202 145
1695676478264 0.5032374858856201 146
1695676478302 0.5383429527282715 147
1695676478341 0.2159786820411682 148
1695676478379 0.5284989476203918 149
1695676478417 0.19830772280693054 150
1695676478450 0.5272988677024841 151
1695676478484 0.22202754020690918 152
1695676481427 0.536929726600647 153
1695676481466 0.5403605103492737 154
1695676481505 0.2785140573978424 155
1695676481543 0.5350422263145447 156
1695676481581 0.5302999019622803 157
1695676481620 0.5271820425987244 158
1695676481653 0.5504360198974609 159
1695676481687 0.5313566327095032 160
1695676484715 0.5291719436645508 161
1695676484756 0.39739367365837097 162
1695676484795 0.5375837683677673 163
1695676484836 0.5277529954910278 164
1695676484879 1.1350460052490234 165
1695676484919 0.536614716053009 166
1695676484955 0.5296414494514465 167
1695676484991 0.5272572636604309 168
1695676487952 0.5467879772186279 169
1695676487991 0.5308352708816528 170
1695676488030 0.5437880754470825 171
1695676488069 0.2947048246860504 172
1695676488106 0.5499855279922485 173
1695676488144 0.5285428166389465 174
1695676488177 0.5435693860054016 175
1695676488212 0.5046960115432739 176
1695676491177 0.2513205111026764 177
1695676491216 0.1849038451910019 178
1695676491256 0.5291567444801331 179
1695676491296 0.550314724445343 180
1695676491334 0.4030877351760864 181
1695676491373 0.33660292625427246 182
1695676491406 0.6111238598823547 183
1695676491440 0.16833341121673584 184
1695676494407 0.5717415809631348 185
1695676494445 0.7275279760360718 186
1695676494484 0.30612266063690186 187
1695676494522 0.543210506439209 188
1695676494560 0.31101569533348083 189
1695676494598 0.6353249549865723 190
1695676494631 0.5749613046646118 191
1695676494664 0.5397729873657227 192
1695676497645 0.26992878317832947 193
1695676497684 0.5474037528038025 194
1695676497723 0.5313614010810852 195
1695676497759 3.042498826980591 196
1695676497797 0.37534329295158386 197
1695676497835 0.5285987854003906 198
1695676497869 0.5326736569404602 199
1695676497904 0.2417658418416977 200
1695676500894 0.5509085655212402 201
1695676500934 0.5532073378562927 202
1695676500973 0.5272363424301147 203
1695676501011 0.528742253780365 204
1695676501050 0.24462604522705078 205
1695676501089 0.5255842804908752 206
1695676501125 0.5234875679016113 207
1695676501161 0.5063892602920532 208
1695676504181 0.5302128791809082 209
1695676504222 0.5259068608283997 210
1695676504263 0.5395403504371643 211
1695676504304 0.5315585732460022 212
1695676504343 0.5637197494506836 213
1695676504382 0.17744235694408417 214
1695676504416 0.44747984409332275 215
1695676504449 0.5286482572555542 216
1695676507545 0.5317877531051636 217
1695676507584 0.5219217538833618 218
1695676507622 0.10551717877388 219
1695676507660 0.525567889213562 220
1695676507698 0.5562683939933777 221
1695676507737 0.5255255699157715 222
1695676507771 0.521019458770752 223
1695676507803 0.5249596238136292 224
1695676510836 0.20328494906425476 225
1695676510876 0.19875894486904144 226
1695676510915 0.29040011763572693 227
1695676510954 0.4018465578556061 228
1695676510994 0.47372472286224365 229
1695676511032 0.2718173861503601 230
1695676511066 0.5207504630088806 231
1695676511101 0.42898303270339966 232
1695676514130 0.48542165756225586 233
1695676514168 0.47274574637413025 234
1695676514207 0.5281069874763489 235
1695676514249 0.21814414858818054 236
1695676514290 0.5273587107658386 237
1695676514332 0.2760939300060272 238
1695676514368 0.45941564440727234 239
1695676514403 0.24472320079803467 240
1695676517513 0.534424364566803 241
1695676517553 0.3794814646244049 242
1695676517591 0.5276824235916138 243
1695676517630 0.31495100259780884 244
1695676517668 0.4353608191013336 245
1695676517708 0.31283342838287354 246
1695676517742 0.5464915633201599 247
1695676517777 0.13926127552986145 248
1695676520835 0.5477033853530884 249
1695676520873 0.5556706190109253 250
1695676520912 0.1629280149936676 251
1695676520950 0.5769252181053162 252
1695676520989 0.48724374175071716 253
1695676521027 0.24107706546783447 254
1695676521062 0.16957028210163116 255
1695676521095 0.5696587562561035 256
1695676524184 1.7584562301635742 257
1695676524225 0.6028860807418823 258
1695676524264 0.4326357841491699 259
1695676524303 0.5409061908721924 260
1695676524343 0.5029517412185669 261
1695676524383 0.48620569705963135 262
1695676524419 0.27244409918785095 263
1695676524454 0.16085317730903625 264
1695676527593 0.1586967408657074 265
1695676527633 0.19093230366706848 266
1695676527672 0.23284514248371124 267
1695676527710 0.48391619324684143 268
1695676527749 0.5570454597473145 269
1695676527787 0.5252634286880493 270
1695676527821 0.39694881439208984 271
1695676527856 0.8261286616325378 272
1695676530938 0.5287498831748962 273
1695676530979 0.574760913848877 274
1695676531019 0.5314182639122009 275
1695676531057 0.4168928861618042 276
1695676531096 0.5337753295898438 277
1695676531135 0.3192729949951172 278
1695676531170 0.20860178768634796 279
1695676531204 0.5446562170982361 280
1695676534299 0.5219463109970093 281
1695676534338 0.6232945919036865 282
1695676534377 0.5823456048965454 283
1695676534416 0.5265410542488098 284
1695676534455 0.23121753334999084 285
1695676534493 0.5219320058822632 286
1695676534528 0.5357826948165894 287
1695676534562 0.3082185983657837 288
1695676537665 0.5310529470443726 289
1695676537703 0.6755412220954895 290
1695676537741 0.6038700938224792 291
1695676537779 0.16087691485881805 292
1695676537818 1.579748511314392 293
1695676537858 0.5286648869514465 294
1695676537893 0.5299416780471802 295
1695676537927 0.5824706554412842 296
1695676541185 0.6045719981193542 297
1695676541223 0.5285499691963196 298
1695676541261 0.5384837985038757 299
1695676541301 0.5698195099830627 300
1695676541340 0.7030709981918335 301
1695676541379 0.5381650328636169 302
1695676541412 0.5524399280548096 303
1695676541445 0.7229608297348022 304
1695676544533 0.8997857570648193 305
1695676544577 0.5556640625 306
1695676544619 0.7589719295501709 307
1695676544659 0.5242451429367065 308
1695676544702 0.527117133140564 309
1695676544747 0.3578503131866455 310
1695676544783 0.37450769543647766 311
1695676544817 1.975590705871582 312
1695676547906 0.5574530959129333 313
1695676547947 0.5243434906005859 314
1695676547987 0.5533271431922913 315
1695676548027 0.5877386331558228 316
1695676548067 0.3393898606300354 317
1695676548107 0.341630756855011 318
1695676548142 0.49506062269210815 319
1695676548177 0.6621683239936829 320
1695676551337 0.31432026624679565 321
1695676551375 0.6371684074401855 322
1695676551414 0.6003946661949158 323
1695676551452 0.5348475575447083 324
1695676551491 0.5579622983932495 325
1695676551532 0.3975117802619934 326
1695676551566 0.5596023797988892 327
1695676551600 0.3697105646133423 328
1695676554654 0.5309916734695435 329
1695676554696 0.5205015540122986 330
1695676554738 0.3645446300506592 331
1695676554777 0.5254009962081909 332
1695676554816 0.5221338868141174 333
1695676554855 0.525531530380249 334
1695676554888 0.5244798064231873 335
1695676554921 0.593917727470398 336
1695676557993 0.5449662208557129 337
1695676558032 0.5419532060623169 338
1695676558070 0.5499223470687866 339
1695676558109 0.4599982500076294 340
1695676558147 0.3240666389465332 341
1695676558184 0.5385746359825134 342
1695676558218 0.5408989191055298 343
1695676558253 0.28741270303726196 344
1695676561312 0.538785994052887 345
1695676561353 0.5334769487380981 346
1695676561396 0.19242216646671295 347
1695676561439 1.3539423942565918 348
1695676561478 0.6185300946235657 349
1695676561517 0.5267347097396851 350
1695676561552 0.6158490180969238 351
1695676561586 0.5256744623184204 352
1695676564640 0.4228387773036957 353
1695676564680 0.4207582473754883 354
1695676564720 0.3578897714614868 355
1695676564760 0.20186831057071686 356
1695676564800 0.3192879557609558 357
1695676564841 0.6584413647651672 358
1695676564876 0.5766264796257019 359
1695676564909 0.505520224571228 360
1695676567980 0.16875451803207397 361
1695676568020 0.5727687478065491 362
1695676568059 0.6073824763298035 363
1695676568097 0.5364686846733093 364
1695676568135 0.5326178073883057 365
1695676568173 0.5264833569526672 366
1695676568207 0.5422676205635071 367
1695676568241 0.5030857920646667 368
1695676571296 0.5316972732543945 369
1695676571341 0.5308225154876709 370
1695676571385 0.5469719171524048 371
1695676571425 0.5225685238838196 372
1695676571462 0.5435013771057129 373
1695676571501 0.539548397064209 374
1695676571535 0.5880820751190186 375
1695676571569 0.34519246220588684 376
1695676574619 0.48236554861068726 377
1695676574658 0.5192162394523621 378
1695676574696 0.596725344657898 379
1695676574735 0.5346245765686035 380
1695676574773 0.5229999423027039 381
1695676574811 0.525932252407074 382
1695676574845 0.7285370826721191 383
1695676574879 0.5290018916130066 384
1695676577936 0.5201063752174377 385
1695676577976 0.32604706287384033 386
1695676578015 0.529741108417511 387
1695676578054 0.5452743768692017 388
1695676578094 0.3941228985786438 389
1695676578132 0.5399283170700073 390
1695676578165 0.5307742953300476 391
1695676578198 0.5141979455947876 392
1695676581240 0.28448396921157837 393
1695676581281 0.5286430716514587 394
1695676581325 0.4531157910823822 395
1695676581365 0.4543370306491852 396
1695676581406 0.612725019454956 397
1695676581445 0.5246939063072205 398
1695676581480 0.521583080291748 399
1695676581514 0.27791544795036316 400
