1695676420498 0.0001 1
1695676420551 0.0001 2
1695676420592 0.0001 3
1695676420631 0.0001 4
1695676420670 0.0001 5
1695676420709 0.0001 6
1695676420745 0.0001 7
1695676420779 0.0001 8
1695676423810 0.0001 9
1695676423850 0.0001 10
1695676423888 0.0001 11
1695676423926 0.0001 12
1695676423965 0.0001 13
1695676424005 0.0001 14
1695676424040 0.0001 15
1695676424074 0.0001 16
1695676426952 0.0001 17
1695676426993 0.0001 18
1695676427032 0.0001 19
1695676427071 0.0001 20
1695676427108 0.0001 21
1695676427148 0.0001 22
1695676427182 0.0001 23
1695676427216 0.0001 24
1695676430227 0.0001 25
1695676430266 0.0001 26
1695676430306 0.0001 27
1695676430346 0.0001 28
1695676430385 0.0001 29
1695676430424 0.0001 30
1695676430459 0.0001 31
1695676430493 0.0001 32
1695676433380 0.0001 33
1695676433418 0.0001 34
1695676433457 0.0001 35
1695676433496 0.0001 36
1695676433535 0.0001 37
1695676433573 0.0001 38
1695676433607 0.0001 39
1695676433640 0.0001 40
1695676436564 0.0001 41
1695676436606 0.0001 42
1695676436647 0.0001 43
1695676436686 0.0001 44
1695676436726 0.0001 45
1695676436764 0.0001 46
1695676436799 0.0001 47
1695676436834 0.0001 48
1695676439706 0.0001 49
1695676439746 0.0001 50
1695676439785 0.0001 51
1695676439824 0.0001 52
1695676439863 0.0001 53
1695676439902 0.0001 54
1695676439936 0.0001 55
1695676439970 0.0001 56
1695676442861 0.0001 57
1695676442901 0.0001 58
1695676442940 0.0001 59
1695676442978 0.0001 60
1695676443016 0.0001 61
1695676443054 0.0001 62
1695676443087 0.0001 63
1695676443121 0.0001 64
1695676446086 0.0001 65
1695676446125 0.0001 66
1695676446163 0.0001 67
1695676446202 0.0001 68
1695676446241 0.0001 69
1695676446280 0.0001 70
1695676446313 0.0001 71
1695676446347 0.0001 72
1695676449340 0.0001 73
1695676449380 0.0001 74
1695676449421 0.0001 75
1695676449460 0.0001 76
1695676449499 0.0001 77
1695676449538 0.0001 78
1695676449572 0.0001 79
1695676449605 0.0001 80
1695676452524 0.0001 81
1695676452568 0.0001 82
1695676452608 0.0001 83
1695676452647 0.0001 84
1695676452686 0.0001 85
1695676452724 0.0001 86
1695676452758 0.0001 87
1695676452791 0.0001 88
1695676455680 0.0001 89
1695676455720 0.0001 90
1695676455760 0.0001 91
1695676455799 0.0001 92
1695676455839 0.0001 93
1695676455878 0.0001 94
1695676455911 0.0001 95
1695676455945 0.0001 96
1695676458862 0.0001 97
1695676458903 0.0001 98
1695676458941 0.0001 99
1695676458980 0.0001 100
1695676459020 0.0001 101
1695676459058 0.0001 102
1695676459092 0.0001 103
1695676459126 0.0001 104
1695676462100 0.0001 105
1695676462139 0.0001 106
1695676462178 0.0001 107
1695676462217 0.0001 108
1695676462256 0.0001 109
1695676462295 0.0001 110
1695676462331 0.0001 111
1695676462365 0.0001 112
1695676465317 0.0001 113
1695676465357 0.0001 114
1695676465395 0.0001 115
1695676465434 0.0001 116
1695676465472 0.0001 117
1695676465510 0.0001 118
1695676465543 0.0001 119
1695676465577 0.0001 120
1695676468564 0.0001 121
1695676468605 0.0001 122
1695676468644 0.0001 123
1695676468685 0.0001 124
1695676468725 0.0001 125
1695676468764 0.0001 126
1695676468798 0.0001 127
1695676468833 0.0001 128
1695676471771 0.0001 129
1695676471808 0.0001 130
1695676471848 0.0001 131
1695676471887 0.0001 132
1695676471927 0.0001 133
1695676471967 0.0001 134
1695676472001 0.0001 135
1695676472033 0.0001 136
1695676475005 0.0001 137
1695676475045 0.0001 138
1695676475085 0.0001 139
1695676475125 0.0001 140
1695676475164 0.0001 141
1695676475204 0.0001 142
1695676475238 0.0001 143
1695676475272 0.0001 144
1695676478225 0.0001 145
1695676478265 0.0001 146
1695676478304 0.0001 147
1695676478342 0.0001 148
1695676478380 0.0001 149
1695676478418 0.0001 150
1695676478451 0.0001 151
1695676478485 0.0001 152
1695676481428 0.0001 153
1695676481467 0.0001 154
1695676481506 0.0001 155
1695676481544 0.0001 156
1695676481582 0.0001 157
1695676481621 0.0001 158
1695676481655 0.0001 159
1695676481689 0.0001 160
1695676484716 0.0001 161
1695676484757 0.0001 162
1695676484796 0.0001 163
1695676484837 0.0001 164
1695676484880 0.0001 165
1695676484920 0.0001 166
1695676484956 0.0001 167
1695676484994 0.0001 168
1695676487954 0.0001 169
1695676487992 0.0001 170
1695676488031 0.0001 171
1695676488070 0.0001 172
1695676488107 0.0001 173
1695676488145 0.0001 174
1695676488179 0.0001 175
1695676488213 0.0001 176
1695676491179 0.0001 177
1695676491218 0.0001 178
1695676491257 0.0001 179
1695676491297 0.0001 180
1695676491336 0.0001 181
1695676491374 0.0001 182
1695676491408 0.0001 183
1695676491441 0.0001 184
1695676494408 0.0001 185
1695676494447 0.0001 186
1695676494485 0.0001 187
1695676494523 0.0001 188
1695676494561 0.0001 189
1695676494599 0.0001 190
1695676494633 0.0001 191
1695676494666 0.0001 192
1695676497647 0.0001 193
1695676497685 0.0001 194
1695676497724 0.0001 195
1695676497760 0.0001 196
1695676497798 0.0001 197
1695676497836 0.0001 198
1695676497870 0.0001 199
1695676497905 0.0001 200
1695676500895 0.0001 201
1695676500935 0.0001 202
1695676500974 0.0001 203
1695676501012 0.0001 204
1695676501051 0.0001 205
1695676501091 0.0001 206
1695676501127 0.0001 207
1695676501163 0.0001 208
1695676504183 0.0001 209
1695676504224 0.0001 210
1695676504264 0.0001 211
1695676504305 0.0001 212
1695676504345 0.0001 213
1695676504383 0.0001 214
1695676504417 0.0001 215
1695676504450 0.0001 216
1695676507546 0.0001 217
1695676507585 0.0001 218
1695676507623 0.0001 219
1695676507661 0.0001 220
1695676507700 0.0001 221
1695676507738 0.0001 222
1695676507772 0.0001 223
1695676507804 0.0001 224
1695676510838 0.0001 225
1695676510877 0.0001 226
1695676510916 0.0001 227
1695676510956 0.0001 228
1695676510995 0.0001 229
1695676511033 0.0001 230
1695676511067 0.0001 231
1695676511102 0.0001 232
1695676514131 0.0001 233
1695676514169 0.0001 234
1695676514209 0.0001 235
1695676514251 0.0001 236
1695676514291 0.0001 237
1695676514334 0.0001 238
1695676514369 0.0001 239
1695676514405 0.0001 240
1695676517514 0.0001 241
1695676517554 0.0001 242
1695676517593 0.0001 243
1695676517632 0.0001 244
1695676517670 0.0001 245
1695676517709 0.0001 246
1695676517743 0.0001 247
1695676517778 0.0001 248
1695676520836 0.0001 249
1695676520874 0.0001 250
1695676520913 0.0001 251
1695676520952 0.0001 252
1695676520990 0.0001 253
1695676521029 0.0001 254
1695676521063 0.0001 255
1695676521096 0.0001 256
1695676524186 0.0001 257
1695676524226 0.0001 258
1695676524265 0.0001 259
1695676524305 0.0001 260
1695676524344 0.0001 261
1695676524384 0.0001 262
1695676524420 0.0001 263
1695676524455 0.0001 264
1695676527595 0.0001 265
1695676527634 0.0001 266
1695676527673 0.0001 267
1695676527711 0.0001 268
1695676527750 0.0001 269
1695676527788 0.0001 270
1695676527822 0.0001 271
1695676527857 0.0001 272
1695676530940 0.0001 273
1695676530980 0.0001 274
1695676531020 0.0001 275
1695676531058 0.0001 276
1695676531097 0.0001 277
1695676531137 0.0001 278
1695676531171 0.0001 279
1695676531205 0.0001 280
1695676534301 0.0001 281
1695676534339 0.0001 282
1695676534378 0.0001 283
1695676534417 0.0001 284
1695676534456 0.0001 285
1695676534495 0.0001 286
1695676534529 0.0001 287
1695676534564 0.0001 288
1695676537666 0.0001 289
1695676537704 0.0001 290
1695676537742 0.0001 291
1695676537780 0.0001 292
1695676537820 0.0001 293
1695676537859 0.0001 294
1695676537894 0.0001 295
1695676537928 0.0001 296
1695676541186 0.0001 297
1695676541224 0.0001 298
1695676541263 0.0001 299
1695676541302 0.0001 300
1695676541342 0.0001 301
1695676541380 0.0001 302
1695676541413 0.0001 303
1695676541446 0.0001 304
1695676544535 0.0001 305
1695676544578 0.0001 306
1695676544620 0.0001 307
1695676544660 0.0001 308
1695676544703 0.0001 309
1695676544748 0.0001 310
1695676544784 0.0001 311
1695676544819 0.0001 312
1695676547907 0.0001 313
1695676547948 0.0001 314
1695676547988 0.0001 315
1695676548028 0.0001 316
1695676548068 0.0001 317
1695676548108 0.0001 318
1695676548144 0.0001 319
1695676548178 0.0001 320
1695676551338 0.0001 321
1695676551377 0.0001 322
1695676551415 0.0001 323
1695676551453 0.0001 324
1695676551493 0.0001 325
1695676551534 0.0001 326
1695676551568 0.0001 327
1695676551601 0.0001 328
1695676554655 0.0001 329
1695676554697 0.0001 330
1695676554739 0.0001 331
1695676554779 0.0001 332
1695676554817 0.0001 333
1695676554856 0.0001 334
1695676554889 0.0001 335
1695676554922 0.0001 336
1695676557995 0.0001 337
1695676558033 0.0001 338
1695676558072 0.0001 339
1695676558110 0.0001 340
1695676558148 0.0001 341
1695676558186 0.0001 342
1695676558220 0.0001 343
1695676558254 0.0001 344
1695676561313 0.0001 345
1695676561354 0.0001 346
1695676561397 0.0001 347
1695676561440 0.0001 348
1695676561479 0.0001 349
1695676561518 0.0001 350
1695676561553 0.0001 351
1695676561587 0.0001 352
1695676564641 0.0001 353
1695676564681 0.0001 354
1695676564721 0.0001 355
1695676564761 0.0001 356
1695676564802 0.0001 357
1695676564842 0.0001 358
1695676564877 0.0001 359
1695676564910 0.0001 360
1695676567981 0.0001 361
1695676568021 0.0001 362
1695676568060 0.0001 363
1695676568098 0.0001 364
1695676568136 0.0001 365
1695676568174 0.0001 366
1695676568208 0.0001 367
1695676568242 0.0001 368
1695676571297 0.0001 369
1695676571342 0.0001 370
1695676571387 0.0001 371
1695676571426 0.0001 372
1695676571464 0.0001 373
1695676571502 0.0001 374
1695676571536 0.0001 375
1695676571571 0.0001 376
1695676574620 0.0001 377
1695676574659 0.0001 378
1695676574698 0.0001 379
1695676574736 0.0001 380
1695676574774 0.0001 381
1695676574812 0.0001 382
1695676574846 0.0001 383
1695676574880 0.0001 384
1695676577937 0.0001 385
1695676577977 0.0001 386
1695676578017 0.0001 387
1695676578055 0.0001 388
1695676578095 0.0001 389
1695676578133 0.0001 390
1695676578166 0.0001 391
1695676578199 0.0001 392
1695676581241 0.0001 393
1695676581282 0.0001 394
1695676581327 0.0001 395
1695676581366 0.0001 396
1695676581407 0.0001 397
1695676581446 0.0001 398
1695676581481 0.0001 399
1695676581515 0.0001 400
