1695676420781 0.3811783194541931 1
1695676424076 0.327200710773468 2
1695676427219 0.4151374399662018 3
1695676430496 0.24365410208702087 4
1695676433642 0.5235083699226379 5
1695676436836 0.3857801556587219 6
1695676439972 0.4482783377170563 7
1695676443123 0.23498806357383728 8
1695676446349 0.2522874176502228 9
1695676449607 0.37366026639938354 10
1695676452794 0.2695946991443634 11
1695676455947 0.460247665643692 12
1695676459128 0.5944488048553467 13
1695676462367 0.2583828568458557 14
1695676465579 0.7303833961486816 15
1695676468835 0.5587212443351746 16
1695676472036 0.3542708158493042 17
1695676475274 0.6453962326049805 18
1695676478487 0.5872923135757446 19
1695676481691 0.4138336181640625 20
1695676484996 0.2062264233827591 21
1695676488216 0.37333521246910095 22
1695676491443 0.6164620518684387 23
1695676494668 0.48681268095970154 24
1695676497908 0.270152747631073 25
1695676501165 0.2946530282497406 26
1695676504453 0.5436866283416748 27
1695676507807 0.4972357153892517 28
1695676511104 0.3684851825237274 29
1695676514407 0.3234880864620209 30
1695676517781 0.6478930711746216 31
1695676521098 0.7926507592201233 32
1695676524457 0.390695184469223 33
1695676527859 0.5046585202217102 34
1695676531207 0.3182069957256317 35
1695676534566 0.6618536114692688 36
1695676537931 0.5454248189926147 37
1695676541449 0.2160114347934723 38
1695676544821 0.4801802933216095 39
1695676548180 0.3668847978115082 40
1695676551603 0.2777456045150757 41
1695676554924 0.48337888717651367 42
1695676558256 0.29041358828544617 43
1695676561589 0.5451485514640808 44
1695676564912 0.5079132914543152 45
1695676568245 0.3549443781375885 46
1695676571573 0.29120030999183655 47
1695676574882 0.28018081188201904 48
1695676578201 0.3713572025299072 49
1695676581517 0.2373487651348114 50
