1695684423835 0.5635252594947815 1
1695684423877 0.5074108242988586 2
1695684423919 0.3177509307861328 3
1695684423960 0.5071839094161987 4
1695684424002 0.18138808012008667 5
1695684424043 0.14261113107204437 6
1695684424084 0.26353761553764343 7
1695684424127 0.40512320399284363 8
1695684424167 0.5211937427520752 9
1695684424205 0.48466795682907104 10
1695684424246 0.5230257511138916 11
1695684424282 0.5507311820983887 12
1695684424317 0.26772379875183105 13
1695684429062 0.6316055059432983 14
1695684429102 0.5115756988525391 15
1695684429143 0.29706358909606934 16
1695684429183 0.5080658197402954 17
1695684429225 0.39798668026924133 18
1695684429266 0.5089065432548523 19
1695684429306 0.5071736574172974 20
1695684429345 0.5094091296195984 21
1695684429385 0.5890752077102661 22
1695684429425 0.4709221422672272 23
1695684429465 0.5093675851821899 24
1695684429500 0.2133290320634842 25
1695684429536 0.12549671530723572 26
1695684434238 0.2466016411781311 27
1695684434280 0.4507893919944763 28
1695684434323 0.507757842540741 29
1695684434369 0.1629745066165924 30
1695684434416 0.37681105732917786 31
1695684434464 0.6889705657958984 32
1695684434510 0.37673303484916687 33
1695684434555 0.18265721201896667 34
1695684434599 0.16289812326431274 35
1695684434640 0.5093680024147034 36
1695684434681 0.5093082189559937 37
1695684434717 0.52285236120224 38
1695684434752 0.45305758714675903 39
1695684439424 0.5254465341567993 40
1695684439464 0.1185244768857956 41
1695684439504 0.6126331090927124 42
1695684439544 0.5223814845085144 43
1695684439585 0.5293081998825073 44
1695684439624 0.5135974287986755 45
1695684439665 0.5176897048950195 46
1695684439705 0.5073739886283875 47
1695684439745 0.5339307188987732 48
1695684439785 0.13920068740844727 49
1695684439824 0.5138134360313416 50
1695684439859 0.5068129897117615 51
1695684439892 0.5161094069480896 52
1695684444549 0.5129058957099915 53
1695684444589 0.5083991885185242 54
1695684444629 0.5392719507217407 55
1695684444668 0.5095409750938416 56
1695684444708 0.5013455152511597 57
1695684444748 0.3331391215324402 58
1695684444787 0.524276077747345 59
1695684444827 0.30104532837867737 60
1695684444865 0.5065333843231201 61
1695684444904 0.5076524615287781 62
1695684444944 0.5187505483627319 63
1695684444980 0.6568323373794556 64
1695684445016 1.07912278175354 65
1695684449780 0.1462453156709671 66
1695684449822 0.5140572190284729 67
1695684449864 0.8834400177001953 68
1695684449904 0.5125930905342102 69
1695684449944 0.3526513874530792 70
1695684449985 0.5078832507133484 71
1695684450026 0.17692500352859497 72
1695684450066 0.5220722556114197 73
1695684450106 0.17086410522460938 74
1695684450146 0.5108867287635803 75
1695684450190 0.5114188194274902 76
1695684450226 0.5085318684577942 77
1695684450261 0.5059908628463745 78
1695684455121 0.23962029814720154 79
1695684455161 0.26722970604896545 80
1695684455200 0.5122265815734863 81
1695684455242 0.4353426992893219 82
1695684455282 0.506820797920227 83
1695684455322 0.5195009112358093 84
1695684455363 0.29905277490615845 85
1695684455402 0.5216129422187805 86
1695684455442 0.5150852799415588 87
1695684455481 0.5146979689598083 88
1695684455520 0.5077092051506042 89
1695684455556 0.33816787600517273 90
1695684455590 0.5251155495643616 91
1695684460195 0.5129303932189941 92
1695684460236 0.487466037273407 93
1695684460276 0.7534657120704651 94
1695684460317 0.5100497603416443 95
1695684460357 0.5104675889015198 96
1695684460397 0.11881902813911438 97
1695684460437 0.4411301612854004 98
1695684460478 0.1444145292043686 99
1695684460518 0.5078307390213013 100
1695684460558 0.5172880291938782 101
1695684460602 0.5185429453849792 102
1695684460638 0.4775698781013489 103
1695684460673 0.4824446141719818 104
1695684465255 0.5112759470939636 105
1695684465296 0.5108298659324646 106
1695684465338 0.4458596110343933 107
1695684465379 0.09746982157230377 108
1695684465422 0.23920628428459167 109
1695684465462 0.1116994172334671 110
1695684465502 0.2852114140987396 111
1695684465541 0.5163175463676453 112
1695684465581 0.5158817768096924 113
1695684465620 0.5154759883880615 114
1695684465660 0.4459865689277649 115
1695684465695 0.5164608359336853 116
1695684465730 0.22011369466781616 117
1695684470313 0.5112707614898682 118
1695684470354 0.4728204011917114 119
1695684470394 0.5059197545051575 120
1695684470433 0.418789803981781 121
1695684470473 0.5212427377700806 122
1695684470514 0.4382212460041046 123
1695684470554 0.5134026408195496 124
1695684470595 0.5076093673706055 125
1695684470635 0.5071210265159607 126
1695684470675 0.5101557374000549 127
1695684470716 0.15640738606452942 128
1695684470751 0.2572448253631592 129
1695684470786 0.27746033668518066 130
1695684475353 0.3607041835784912 131
1695684475394 0.16178691387176514 132
1695684475433 0.5084249973297119 133
1695684475473 0.25251683592796326 134
1695684475513 0.11916106194257736 135
1695684475552 0.3105807900428772 136
1695684475594 0.9372305870056152 137
1695684475634 0.15549232065677643 138
1695684475674 0.13335847854614258 139
1695684475713 0.6911265850067139 140
1695684475753 0.5072312355041504 141
1695684475787 0.5072709918022156 142
1695684475821 0.26107925176620483 143
1695684480453 0.5098845362663269 144
1695684480494 0.3459765315055847 145
1695684480534 0.5128883719444275 146
1695684480573 0.5075651407241821 147
1695684480614 0.2775946259498596 148
1695684480654 0.14372456073760986 149
1695684480695 0.4095481336116791 150
1695684480734 0.08999916911125183 151
1695684480772 0.5183143019676208 152
1695684480811 0.8266612887382507 153
1695684480851 0.14338275790214539 154
1695684480886 0.5111947655677795 155
1695684480921 0.5379984974861145 156
1695684485466 0.6270051002502441 157
1695684485506 0.5166533589363098 158
1695684485546 0.5229731202125549 159
1695684485590 0.5058955550193787 160
1695684485634 0.15553022921085358 161
1695684485676 0.5061933994293213 162
1695684485720 0.7794727683067322 163
1695684485762 0.40739840269088745 164
1695684485804 0.5188910365104675 165
1695684485847 0.5192704200744629 166
1695684485890 0.5066389441490173 167
1695684485925 0.5527654886245728 168
1695684485960 0.6512441635131836 169
1695684490528 0.29717427492141724 170
1695684490570 0.2772616147994995 171
1695684490610 0.3519302010536194 172
1695684490648 0.3121144771575928 173
1695684490688 0.7683502435684204 174
1695684490728 0.5297082662582397 175
1695684490768 0.6530198454856873 176
1695684490808 0.5075591206550598 177
1695684490849 0.35502931475639343 178
1695684490891 0.48359784483909607 179
1695684490933 0.20422223210334778 180
1695684490968 0.5109102725982666 181
1695684491004 0.256660521030426 182
1695684495588 0.1524427980184555 183
1695684495628 0.5092837810516357 184
1695684495669 0.7105550765991211 185
1695684495709 0.5112130045890808 186
1695684495750 0.428303062915802 187
1695684495790 0.25516605377197266 188
1695684495830 0.6492795944213867 189
1695684495870 0.5398458242416382 190
1695684495909 0.5391737222671509 191
1695684495949 0.5151990056037903 192
1695684495989 0.5454404354095459 193
1695684496025 0.5255057215690613 194
1695684496061 0.22908902168273926 195
1695684500644 0.4118897616863251 196
1695684500685 0.5215235352516174 197
1695684500726 0.5192989706993103 198
1695684500767 0.22994759678840637 199
1695684500806 0.6457631587982178 200
1695684500847 0.25668516755104065 201
1695684500886 0.5287781357765198 202
1695684500926 0.6045807003974915 203
1695684500966 0.2621292471885681 204
1695684501006 0.319051057100296 205
1695684501045 0.6038497686386108 206
1695684501080 0.15981818735599518 207
1695684501114 0.2774239778518677 208
1695684505704 0.16033075749874115 209
1695684505745 0.5189092755317688 210
1695684505785 0.5124177932739258 211
1695684505825 0.5148688554763794 212
1695684505865 0.5105509161949158 213
1695684505904 0.5099950432777405 214
1695684505944 0.5253260135650635 215
1695684505986 0.5098677277565002 216
1695684506025 0.5090006589889526 217
1695684506066 0.5085252523422241 218
1695684506105 0.5408439636230469 219
1695684506141 0.5267589688301086 220
1695684506176 0.5185937881469727 221
1695684510806 0.13784776628017426 222
1695684510846 0.5188701152801514 223
1695684510886 0.3055700957775116 224
1695684510926 0.16327522695064545 225
1695684510967 0.39786070585250854 226
1695684511008 0.34307536482810974 227
1695684511049 0.30372872948646545 228
1695684511090 0.17941133677959442 229
1695684511131 0.4593220055103302 230
1695684511172 0.09998512268066406 231
1695684511214 0.08745551109313965 232
1695684511251 0.5187997221946716 233
1695684511286 0.5658185482025146 234
1695684515952 0.5128446221351624 235
1695684515993 0.5113269090652466 236
1695684516034 0.5088807940483093 237
1695684516075 0.232658252120018 238
1695684516130 0.37777990102767944 239
1695684516170 0.5163079500198364 240
1695684516222 0.32834213972091675 241
1695684516264 0.5162021517753601 242
1695684516305 0.5590025782585144 243
1695684516347 0.25779950618743896 244
1695684516392 0.5073809623718262 245
1695684516430 0.15732216835021973 246
1695684516465 0.32086339592933655 247
1695684521093 0.506743311882019 248
1695684521133 0.5075467824935913 249
1695684521172 0.5041043162345886 250
1695684521213 0.3178383708000183 251
1695684521255 0.5088348388671875 252
1695684521295 1.7597930431365967 253
1695684521334 0.40860384702682495 254
1695684521374 0.4901689291000366 255
1695684521414 0.5195931792259216 256
1695684521453 0.161687433719635 257
1695684521493 0.6173784732818604 258
1695684521528 0.5210392475128174 259
1695684521562 0.7905580997467041 260
1695684526234 0.6756302118301392 261
1695684526273 0.5939707159996033 262
1695684526314 0.25672733783721924 263
1695684526354 0.43189874291419983 264
1695684526394 0.5144852995872498 265
1695684526433 0.5076517462730408 266
1695684526471 0.5754861831665039 267
1695684526510 0.519845187664032 268
1695684526549 0.5215751528739929 269
1695684526589 0.288779616355896 270
1695684526630 0.5080729722976685 271
1695684526665 0.5165206789970398 272
1695684526699 0.21439611911773682 273
1695684531301 0.5102199912071228 274
1695684531342 0.5092732906341553 275
1695684531382 0.527696430683136 276
1695684531425 0.09250113368034363 277
1695684531464 0.5115410685539246 278
1695684531503 0.5094702839851379 279
1695684531543 0.3216148316860199 280
1695684531584 0.20833280682563782 281
1695684531624 0.1686168909072876 282
1695684531664 0.3828379213809967 283
1695684531705 0.4383242130279541 284
1695684531742 0.44413095712661743 285
1695684531778 0.24461162090301514 286
1695684536548 0.506740152835846 287
1695684536588 0.5103908777236938 288
1695684536627 0.5248278975486755 289
1695684536666 0.504317581653595 290
1695684536705 0.3167518377304077 291
1695684536744 0.28849589824676514 292
1695684536782 0.5145699381828308 293
1695684536822 0.4835512340068817 294
1695684536862 0.38393861055374146 295
1695684536901 0.5054003000259399 296
1695684536942 0.22389426827430725 297
1695684536977 0.183258518576622 298
1695684537012 0.5249642729759216 299
1695684541626 0.21404516696929932 300
1695684541665 0.5110567212104797 301
1695684541705 0.18215522170066833 302
1695684541746 0.7079675197601318 303
1695684541786 0.14969363808631897 304
1695684541826 0.5068269371986389 305
1695684541865 0.21010679006576538 306
1695684541904 0.17088963091373444 307
1695684541943 0.5122426152229309 308
1695684541983 0.15696735680103302 309
1695684542024 0.5091686248779297 310
1695684542060 0.3781224191188812 311
1695684542097 0.9364312887191772 312
1695684546798 0.512177050113678 313
1695684546838 0.13707664608955383 314
1695684546879 0.5124162435531616 315
1695684546918 0.5213092565536499 316
1695684546957 0.520819902420044 317
1695684546998 0.5148753523826599 318
1695684547037 0.5334415435791016 319
1695684547077 0.16523343324661255 320
1695684547116 0.18476709723472595 321
1695684547155 0.3012338876724243 322
1695684547195 0.13700664043426514 323
1695684547230 0.5104146003723145 324
1695684547265 0.2647433578968048 325
1695684551926 0.26518720388412476 326
1695684551966 0.5079222917556763 327
1695684552006 0.42145660519599915 328
1695684552047 0.10958484560251236 329
1695684552088 0.5176334977149963 330
1695684552130 0.5192700028419495 331
1695684552171 0.5068748593330383 332
1695684552213 0.5108596682548523 333
1695684552254 0.5101475715637207 334
1695684552293 0.5072321891784668 335
1695684552333 0.23698319494724274 336
1695684552369 0.5070151090621948 337
1695684552405 0.5103962421417236 338
1695684557005 0.5058859586715698 339
1695684557045 0.5058212280273438 340
1695684557086 0.45816701650619507 341
1695684557126 0.5159276723861694 342
1695684557164 0.5067341923713684 343
1695684557203 0.5068142414093018 344
1695684557244 0.508179247379303 345
1695684557283 0.5098024010658264 346
1695684557323 0.562616229057312 347
1695684557363 0.5078023672103882 348
1695684557402 0.5079367756843567 349
1695684557437 0.15659455955028534 350
1695684557472 0.5193084478378296 351
1695684562178 0.523756742477417 352
1695684562220 0.5150831937789917 353
1695684562262 0.19000011682510376 354
1695684562304 0.1700570285320282 355
1695684562347 0.14821386337280273 356
1695684562390 0.20034947991371155 357
1695684562432 0.17349675297737122 358
1695684562473 0.5052763223648071 359
1695684562512 0.2942853569984436 360
1695684562552 0.23240622878074646 361
1695684562591 0.5121973156929016 362
1695684562627 0.5251820683479309 363
1695684562664 0.5203338861465454 364
1695684567302 0.08365419507026672 365
1695684567343 0.6503769159317017 366
1695684567385 0.34049373865127563 367
1695684567427 0.52069091796875 368
1695684567469 0.12152354419231415 369
1695684567509 0.12791043519973755 370
1695684567550 0.4330010414123535 371
1695684567591 0.5124704837799072 372
1695684567632 0.5187079906463623 373
1695684567673 0.22035527229309082 374
1695684567715 0.7202273607254028 375
1695684567751 0.1236722469329834 376
1695684567787 0.5128350853919983 377
1695684572394 0.34097740054130554 378
1695684572435 0.5279942154884338 379
1695684572474 0.25814521312713623 380
1695684572514 0.5388234853744507 381
1695684572554 0.5092170238494873 382
1695684572594 0.12289053201675415 383
1695684572634 0.5157001614570618 384
1695684572675 0.5082601308822632 385
1695684572716 0.5099403858184814 386
1695684572756 0.530506432056427 387
1695684572796 0.2509865462779999 388
1695684572830 0.49071821570396423 389
1695684572864 0.522878110408783 390
1695684577473 0.4135866165161133 391
1695684577513 0.464829683303833 392
1695684577553 0.5053163766860962 393
1695684577593 0.10615834593772888 394
1695684577634 0.2025843858718872 395
1695684577674 0.15110132098197937 396
1695684577714 0.13243338465690613 397
1695684577753 0.5057495832443237 398
1695684577792 0.5086684823036194 399
1695684577832 0.322674036026001 400
1695684577874 0.5095277428627014 401
1695684577911 0.42813870310783386 402
1695684577947 0.061427563428878784 403
1695684582541 0.5057774782180786 404
1695684582585 0.14785417914390564 405
1695684582628 0.11583271622657776 406
1695684582670 0.505071222782135 407
1695684582711 0.5097465515136719 408
1695684582751 0.5069295167922974 409
1695684582792 0.5561515092849731 410
1695684582831 0.5109121203422546 411
1695684582869 0.5098209381103516 412
1695684582908 0.26533374190330505 413
1695684582948 0.5107240080833435 414
1695684582984 0.16244173049926758 415
1695684583019 0.5103787183761597 416
1695684587637 0.1981848031282425 417
1695684587678 0.2956054210662842 418
1695684587718 0.5542041659355164 419
1695684587759 0.5260792970657349 420
1695684587802 0.5122166275978088 421
1695684587843 0.5130339860916138 422
1695684587884 0.5141241550445557 423
1695684587926 0.5103318095207214 424
1695684587966 0.5609303116798401 425
1695684588006 0.3922082483768463 426
1695684588046 0.20329733192920685 427
1695684588082 0.13726304471492767 428
1695684588117 0.5091040730476379 429
1695684592716 0.5164552927017212 430
1695684592759 0.4185916483402252 431
1695684592800 0.1169532984495163 432
1695684592838 0.5063609480857849 433
1695684592878 0.5065882205963135 434
1695684592917 0.606685221195221 435
1695684592957 0.18314266204833984 436
1695684592997 0.18431515991687775 437
1695684593036 0.5061871409416199 438
1695684593076 0.4126055836677551 439
1695684593118 0.5042194128036499 440
1695684593153 0.23243948817253113 441
1695684593188 0.5047869682312012 442
1695684597796 0.39685481786727905 443
1695684597836 0.46429550647735596 444
1695684597877 0.22036468982696533 445
1695684597918 0.5054855942726135 446
1695684597958 0.2744804322719574 447
1695684597998 0.12179519981145859 448
1695684598037 0.5059037208557129 449
1695684598077 0.5060200691223145 450
1695684598116 0.5065804123878479 451
1695684598156 0.49439895153045654 452
1695684598196 0.5069702863693237 453
1695684598232 0.20606298744678497 454
1695684598267 0.44836902618408203 455
1695684602891 0.12024302035570145 456
1695684602933 0.07349883019924164 457
1695684602974 0.3204804062843323 458
1695684603016 0.3746989965438843 459
1695684603056 0.5052160620689392 460
1695684603097 0.5066831707954407 461
1695684603140 0.1942550092935562 462
1695684603182 0.5143012404441833 463
1695684603222 0.14267238974571228 464
1695684603263 0.5112152695655823 465
1695684603303 0.23370471596717834 466
1695684603338 0.5065169930458069 467
1695684603372 0.521823525428772 468
1695684608020 0.2556611895561218 469
1695684608061 0.1767452508211136 470
1695684608100 0.5073239207267761 471
1695684608139 0.15235653519630432 472
1695684608180 0.33204272389411926 473
1695684608221 0.23081524670124054 474
1695684608261 0.48917555809020996 475
1695684608300 0.5068238973617554 476
1695684608340 0.5027321577072144 477
1695684608384 0.12260878831148148 478
1695684608423 0.514662504196167 479
1695684608459 0.33912038803100586 480
1695684608495 0.2751569151878357 481
1695684613273 0.5061696767807007 482
1695684613315 0.5044968724250793 483
1695684613354 0.504462480545044 484
1695684613395 0.5118508338928223 485
1695684613436 0.36954447627067566 486
1695684613475 0.21556714177131653 487
1695684613515 0.3228869140148163 488
1695684613554 0.506858229637146 489
1695684613595 0.2207137942314148 490
1695684613635 0.3182569742202759 491
1695684613675 0.5377180576324463 492
1695684613710 0.3102499544620514 493
1695684613745 0.5248861312866211 494
1695684618353 0.5070013999938965 495
1695684618395 0.17649050056934357 496
1695684618436 0.12166884541511536 497
1695684618476 0.5057388544082642 498
1695684618517 0.22334162890911102 499
1695684618556 0.3445364236831665 500
1695684618594 0.5082479119300842 501
1695684618632 0.5057971477508545 502
1695684618671 0.5074154138565063 503
1695684618710 0.5068036317825317 504
1695684618750 0.5049197673797607 505
1695684618786 0.42024579644203186 506
1695684618821 0.505480945110321 507
1695684623446 0.5052672624588013 508
1695684623486 0.505429208278656 509
1695684623526 0.12847092747688293 510
1695684623566 0.5048102140426636 511
1695684623606 0.484083354473114 512
1695684623646 0.5575045347213745 513
1695684623686 0.12930326163768768 514
1695684623725 0.5059264898300171 515
1695684623764 0.5061648488044739 516
1695684623804 0.505582869052887 517
1695684623844 0.6919740438461304 518
1695684623879 0.5049880743026733 519
1695684623912 0.5083097219467163 520
1695684628598 0.3024764358997345 521
1695684628640 0.5080189108848572 522
1695684628680 0.5093082785606384 523
1695684628719 0.5088244080543518 524
1695684628760 0.3491690158843994 525
1695684628799 0.5096244215965271 526
1695684628839 0.24503746628761292 527
1695684628878 0.13125565648078918 528
1695684628917 0.5060191750526428 529
1695684628956 0.157427579164505 530
1695684628996 0.517375111579895 531
1695684629030 0.5171797275543213 532
1695684629065 0.09994764626026154 533
1695684633706 0.508051872253418 534
1695684633746 0.5064180493354797 535
1695684633785 0.5156682729721069 536
1695684633824 0.5101404786109924 537
1695684633867 0.24752578139305115 538
1695684633910 0.5096567869186401 539
1695684633952 0.5066803693771362 540
1695684633996 0.2156042456626892 541
1695684634039 0.5068103671073914 542
1695684634081 0.5106430053710938 543
1695684634124 0.5062307715415955 544
1695684634158 0.5136627554893494 545
1695684634193 0.17508196830749512 546
1695684638860 0.5022346377372742 547
1695684638899 0.3893153965473175 548
1695684638938 0.5146210789680481 549
1695684638978 0.3470061123371124 550
1695684639019 0.2254343032836914 551
1695684639058 0.6319835186004639 552
1695684639097 0.19176723062992096 553
1695684639137 0.5301315188407898 554
1695684639176 0.5127694010734558 555
1695684639216 0.5055373311042786 556
1695684639256 0.1824517846107483 557
1695684639290 0.5284536480903625 558
1695684639323 0.5098711848258972 559
1695684643938 0.5149982571601868 560
1695684643980 0.5106499791145325 561
1695684644021 0.17721068859100342 562
1695684644065 0.12447502464056015 563
1695684644121 0.4128316640853882 564
1695684644163 0.5319049954414368 565
1695684644204 0.5076298117637634 566
1695684644249 0.3147772252559662 567
1695684644292 0.5157727003097534 568
1695684644335 0.27752992510795593 569
1695684644380 0.2605794072151184 570
1695684644420 0.5207525491714478 571
1695684644456 0.5159303545951843 572
1695684649079 0.5067839622497559 573
1695684649121 0.277520090341568 574
1695684649163 0.3149750828742981 575
1695684649203 0.5236342549324036 576
1695684649245 0.09082034975290298 577
1695684649286 0.39013513922691345 578
1695684649326 0.5099736452102661 579
1695684649365 0.5021581053733826 580
1695684649406 0.09373647719621658 581
1695684649446 0.49777814745903015 582
1695684649485 0.513636589050293 583
1695684649521 0.2985449731349945 584
1695684649558 0.5204817652702332 585
1695684654180 0.25171372294425964 586
1695684654223 0.2651909589767456 587
1695684654263 0.21853873133659363 588
1695684654304 0.14975431561470032 589
1695684654344 0.5055871605873108 590
1695684654385 0.5051587820053101 591
1695684654426 0.5063403248786926 592
1695684654465 0.5083840489387512 593
1695684654504 0.3744520843029022 594
1695684654543 0.3225301206111908 595
1695684654582 0.5179386138916016 596
1695684654617 0.5167953968048096 597
1695684654650 0.5314531326293945 598
1695684659285 0.15825220942497253 599
1695684659326 0.19430164992809296 600
1695684659367 0.5202335119247437 601
1695684659408 0.18397684395313263 602
1695684659448 0.06108886003494263 603
1695684659487 0.5050008296966553 604
1695684659527 0.5048028826713562 605
1695684659569 0.5054237842559814 606
1695684659613 0.18644660711288452 607
1695684659654 0.5138882994651794 608
1695684659697 0.07548795640468597 609
1695684659733 0.5161939263343811 610
1695684659770 0.5107967257499695 611
1695684664430 0.5167000889778137 612
1695684664472 0.4655022919178009 613
1695684664512 0.5046195387840271 614
1695684664553 0.5103797316551208 615
1695684664594 0.11347225308418274 616
1695684664634 0.5107544660568237 617
1695684664673 0.508344829082489 618
1695684664713 0.510784387588501 619
1695684664752 0.1658811867237091 620
1695684664792 0.11508902907371521 621
1695684664831 0.5509278774261475 622
1695684664866 0.5119931101799011 623
1695684664902 0.14562851190567017 624
1695684669545 0.5019981861114502 625
1695684669585 0.1799192577600479 626
1695684669624 0.5059956312179565 627
1695684669664 0.5131399035453796 628
1695684669703 0.6309364438056946 629
1695684669742 0.507377564907074 630
1695684669780 0.5062636733055115 631
1695684669820 0.10357566177845001 632
1695684669858 0.5108431577682495 633
1695684669898 0.23507988452911377 634
1695684669939 0.12793581187725067 635
1695684669973 0.5309087038040161 636
1695684670009 0.5058197379112244 637
1695684674621 0.23847217857837677 638
1695684674662 0.3981994390487671 639
1695684674702 0.5056926608085632 640
1695684674742 0.1702960729598999 641
1695684674782 0.5123236179351807 642
1695684674822 0.130753293633461 643
1695684674863 0.5168416500091553 644
1695684674904 0.5055122375488281 645
1695684674945 0.14300480484962463 646
1695684674985 0.4248198866844177 647
1695684675027 0.17946608364582062 648
1695684675063 0.1557243913412094 649
1695684675098 0.5084090232849121 650
