1695684423836 0.0001 1
1695684423879 0.0001 2
1695684423921 0.0001 3
1695684423962 0.0001 4
1695684424004 0.0001 5
1695684424045 0.0001 6
1695684424086 0.0001 7
1695684424128 0.0001 8
1695684424169 0.0001 9
1695684424207 0.0001 10
1695684424247 0.0001 11
1695684424283 0.0001 12
1695684424318 0.0001 13
1695684429063 0.0001 14
1695684429104 0.0001 15
1695684429145 0.0001 16
1695684429185 0.0001 17
1695684429227 0.0001 18
1695684429268 0.0001 19
1695684429307 0.0001 20
1695684429346 0.0001 21
1695684429386 0.0001 22
1695684429427 0.0001 23
1695684429467 0.0001 24
1695684429502 0.0001 25
1695684429538 0.0001 26
1695684434240 0.0001 27
1695684434282 0.0001 28
1695684434325 0.0001 29
1695684434371 0.0001 30
1695684434418 0.0001 31
1695684434466 0.0001 32
1695684434512 0.0001 33
1695684434557 0.0001 34
1695684434601 0.0001 35
1695684434642 0.0001 36
1695684434682 0.0001 37
1695684434718 0.0001 38
1695684434753 0.0001 39
1695684439426 0.0001 40
1695684439466 0.0001 41
1695684439505 0.0001 42
1695684439545 0.0001 43
1695684439587 0.0001 44
1695684439626 0.0001 45
1695684439667 0.0001 46
1695684439707 0.0001 47
1695684439746 0.0001 48
1695684439786 0.0001 49
1695684439826 0.0001 50
1695684439860 0.0001 51
1695684439894 0.0001 52
1695684444551 0.0001 53
1695684444591 0.0001 54
1695684444630 0.0001 55
1695684444670 0.0001 56
1695684444710 0.0001 57
1695684444749 0.0001 58
1695684444789 0.0001 59
1695684444829 0.0001 60
1695684444867 0.0001 61
1695684444906 0.0001 62
1695684444946 0.0001 63
1695684444982 0.0001 64
1695684445017 0.0001 65
1695684449782 0.0001 66
1695684449824 0.0001 67
1695684449866 0.0001 68
1695684449906 0.0001 69
1695684449946 0.0001 70
1695684449987 0.0001 71
1695684450028 0.0001 72
1695684450067 0.0001 73
1695684450108 0.0001 74
1695684450148 0.0001 75
1695684450192 0.0001 76
1695684450228 0.0001 77
1695684450263 0.0001 78
1695684455123 0.0001 79
1695684455163 0.0001 80
1695684455202 0.0001 81
1695684455244 0.0001 82
1695684455284 0.0001 83
1695684455324 0.0001 84
1695684455364 0.0001 85
1695684455404 0.0001 86
1695684455444 0.0001 87
1695684455482 0.0001 88
1695684455522 0.0001 89
1695684455557 0.0001 90
1695684455591 0.0001 91
1695684460197 0.0001 92
1695684460238 0.0001 93
1695684460278 0.0001 94
1695684460319 0.0001 95
1695684460358 0.0001 96
1695684460399 0.0001 97
1695684460439 0.0001 98
1695684460479 0.0001 99
1695684460519 0.0001 100
1695684460559 0.0001 101
1695684460604 0.0001 102
1695684460639 0.0001 103
1695684460675 0.0001 104
1695684465257 0.0001 105
1695684465298 0.0001 106
1695684465340 0.0001 107
1695684465381 0.0001 108
1695684465423 0.0001 109
1695684465463 0.0001 110
1695684465503 0.0001 111
1695684465543 0.0001 112
1695684465582 0.0001 113
1695684465621 0.0001 114
1695684465661 0.0001 115
1695684465696 0.0001 116
1695684465732 0.0001 117
1695684470315 0.0001 118
1695684470356 0.0001 119
1695684470395 0.0001 120
1695684470435 0.0001 121
1695684470475 0.0001 122
1695684470516 0.0001 123
1695684470556 0.0001 124
1695684470597 0.0001 125
1695684470637 0.0001 126
1695684470677 0.0001 127
1695684470718 0.0001 128
1695684470753 0.0001 129
1695684470788 0.0001 130
1695684475355 0.0001 131
1695684475395 0.0001 132
1695684475435 0.0001 133
1695684475475 0.0001 134
1695684475514 0.0001 135
1695684475553 0.0001 136
1695684475595 0.0001 137
1695684475636 0.0001 138
1695684475675 0.0001 139
1695684475715 0.0001 140
1695684475754 0.0001 141
1695684475789 0.0001 142
1695684475823 0.0001 143
1695684480455 0.0001 144
1695684480496 0.0001 145
1695684480535 0.0001 146
1695684480575 0.0001 147
1695684480615 0.0001 148
1695684480656 0.0001 149
1695684480696 0.0001 150
1695684480735 0.0001 151
1695684480774 0.0001 152
1695684480813 0.0001 153
1695684480853 0.0001 154
1695684480888 0.0001 155
1695684480923 0.0001 156
1695684485468 0.0001 157
1695684485508 0.0001 158
1695684485548 0.0001 159
1695684485591 0.0001 160
1695684485635 0.0001 161
1695684485678 0.0001 162
1695684485721 0.0001 163
1695684485764 0.0001 164
1695684485806 0.0001 165
1695684485849 0.0001 166
1695684485892 0.0001 167
1695684485927 0.0001 168
1695684485961 0.0001 169
1695684490529 0.0001 170
1695684490572 0.0001 171
1695684490611 0.0001 172
1695684490650 0.0001 173
1695684490690 0.0001 174
1695684490729 0.0001 175
1695684490770 0.0001 176
1695684490810 0.0001 177
1695684490851 0.0001 178
1695684490892 0.0001 179
1695684490935 0.0001 180
1695684490969 0.0001 181
1695684491006 0.0001 182
1695684495590 0.0001 183
1695684495630 0.0001 184
1695684495671 0.0001 185
1695684495711 0.0001 186
1695684495752 0.0001 187
1695684495792 0.0001 188
1695684495831 0.0001 189
1695684495871 0.0001 190
1695684495911 0.0001 191
1695684495951 0.0001 192
1695684495991 0.0001 193
1695684496027 0.0001 194
1695684496062 0.0001 195
1695684500646 0.0001 196
1695684500687 0.0001 197
1695684500728 0.0001 198
1695684500769 0.0001 199
1695684500808 0.0001 200
1695684500848 0.0001 201
1695684500888 0.0001 202
1695684500927 0.0001 203
1695684500968 0.0001 204
1695684501008 0.0001 205
1695684501047 0.0001 206
1695684501082 0.0001 207
1695684501116 0.0001 208
1695684505706 0.0001 209
1695684505746 0.0001 210
1695684505787 0.0001 211
1695684505827 0.0001 212
1695684505867 0.0001 213
1695684505906 0.0001 214
1695684505946 0.0001 215
1695684505988 0.0001 216
1695684506027 0.0001 217
1695684506068 0.0001 218
1695684506107 0.0001 219
1695684506142 0.0001 220
1695684506177 0.0001 221
1695684510808 0.0001 222
1695684510847 0.0001 223
1695684510888 0.0001 224
1695684510928 0.0001 225
1695684510969 0.0001 226
1695684511010 0.0001 227
1695684511050 0.0001 228
1695684511092 0.0001 229
1695684511133 0.0001 230
1695684511173 0.0001 231
1695684511216 0.0001 232
1695684511252 0.0001 233
1695684511287 0.0001 234
1695684515954 0.0001 235
1695684515995 0.0001 236
1695684516036 0.0001 237
1695684516076 0.0001 238
1695684516131 0.0001 239
1695684516171 0.0001 240
1695684516224 0.0001 241
1695684516266 0.0001 242
1695684516307 0.0001 243
1695684516348 0.0001 244
1695684516394 0.0001 245
1695684516431 0.0001 246
1695684516467 0.0001 247
1695684521095 0.0001 248
1695684521135 0.0001 249
1695684521174 0.0001 250
1695684521215 0.0001 251
1695684521256 0.0001 252
1695684521297 0.0001 253
1695684521336 0.0001 254
1695684521376 0.0001 255
1695684521416 0.0001 256
1695684521455 0.0001 257
1695684521495 0.0001 258
1695684521529 0.0001 259
1695684521564 0.0001 260
1695684526236 0.0001 261
1695684526275 0.0001 262
1695684526316 0.0001 263
1695684526356 0.0001 264
1695684526395 0.0001 265
1695684526434 0.0001 266
1695684526472 0.0001 267
1695684526511 0.0001 268
1695684526550 0.0001 269
1695684526591 0.0001 270
1695684526631 0.0001 271
1695684526666 0.0001 272
1695684526701 0.0001 273
1695684531303 0.0001 274
1695684531344 0.0001 275
1695684531384 0.0001 276
1695684531426 0.0001 277
1695684531466 0.0001 278
1695684531505 0.0001 279
1695684531545 0.0001 280
1695684531585 0.0001 281
1695684531625 0.0001 282
1695684531665 0.0001 283
1695684531707 0.0001 284
1695684531744 0.0001 285
1695684531780 0.0001 286
1695684536550 0.0001 287
1695684536590 0.0001 288
1695684536629 0.0001 289
1695684536668 0.0001 290
1695684536706 0.0001 291
1695684536745 0.0001 292
1695684536783 0.0001 293
1695684536823 0.0001 294
1695684536863 0.0001 295
1695684536903 0.0001 296
1695684536943 0.0001 297
1695684536979 0.0001 298
1695684537013 0.0001 299
1695684541627 0.0001 300
1695684541667 0.0001 301
1695684541707 0.0001 302
1695684541747 0.0001 303
1695684541787 0.0001 304
1695684541827 0.0001 305
1695684541867 0.0001 306
1695684541906 0.0001 307
1695684541945 0.0001 308
1695684541985 0.0001 309
1695684542026 0.0001 310
1695684542062 0.0001 311
1695684542098 0.0001 312
1695684546800 0.0001 313
1695684546840 0.0001 314
1695684546880 0.0001 315
1695684546920 0.0001 316
1695684546959 0.0001 317
1695684547000 0.0001 318
1695684547039 0.0001 319
1695684547078 0.0001 320
1695684547118 0.0001 321
1695684547157 0.0001 322
1695684547197 0.0001 323
1695684547232 0.0001 324
1695684547267 0.0001 325
1695684551927 0.0001 326
1695684551967 0.0001 327
1695684552007 0.0001 328
1695684552048 0.0001 329
1695684552090 0.0001 330
1695684552132 0.0001 331
1695684552173 0.0001 332
1695684552214 0.0001 333
1695684552255 0.0001 334
1695684552295 0.0001 335
1695684552336 0.0001 336
1695684552371 0.0001 337
1695684552407 0.0001 338
1695684557007 0.0001 339
1695684557047 0.0001 340
1695684557087 0.0001 341
1695684557127 0.0001 342
1695684557166 0.0001 343
1695684557205 0.0001 344
1695684557246 0.0001 345
1695684557285 0.0001 346
1695684557325 0.0001 347
1695684557364 0.0001 348
1695684557404 0.0001 349
1695684557439 0.0001 350
1695684557474 0.0001 351
1695684562180 0.0001 352
1695684562222 0.0001 353
1695684562263 0.0001 354
1695684562306 0.0001 355
1695684562349 0.0001 356
1695684562392 0.0001 357
1695684562434 0.0001 358
1695684562474 0.0001 359
1695684562514 0.0001 360
1695684562554 0.0001 361
1695684562593 0.0001 362
1695684562629 0.0001 363
1695684562665 0.0001 364
1695684567304 0.0001 365
1695684567345 0.0001 366
1695684567387 0.0001 367
1695684567429 0.0001 368
1695684567470 0.0001 369
1695684567511 0.0001 370
1695684567552 0.0001 371
1695684567592 0.0001 372
1695684567633 0.0001 373
1695684567675 0.0001 374
1695684567716 0.0001 375
1695684567753 0.0001 376
1695684567789 0.0001 377
1695684572396 0.0001 378
1695684572436 0.0001 379
1695684572476 0.0001 380
1695684572516 0.0001 381
1695684572555 0.0001 382
1695684572596 0.0001 383
1695684572636 0.0001 384
1695684572677 0.0001 385
1695684572718 0.0001 386
1695684572757 0.0001 387
1695684572797 0.0001 388
1695684572832 0.0001 389
1695684572866 0.0001 390
1695684577474 0.0001 391
1695684577515 0.0001 392
1695684577555 0.0001 393
1695684577595 0.0001 394
1695684577635 0.0001 395
1695684577675 0.0001 396
1695684577715 0.0001 397
1695684577755 0.0001 398
1695684577793 0.0001 399
1695684577834 0.0001 400
1695684577876 0.0001 401
1695684577913 0.0001 402
1695684577949 0.0001 403
1695684582543 0.0001 404
1695684582587 0.0001 405
1695684582630 0.0001 406
1695684582672 0.0001 407
1695684582713 0.0001 408
1695684582753 0.0001 409
1695684582793 0.0001 410
1695684582833 0.0001 411
1695684582871 0.0001 412
1695684582910 0.0001 413
1695684582950 0.0001 414
1695684582986 0.0001 415
1695684583021 0.0001 416
1695684587638 0.0001 417
1695684587679 0.0001 418
1695684587720 0.0001 419
1695684587761 0.0001 420
1695684587803 0.0001 421
1695684587844 0.0001 422
1695684587886 0.0001 423
1695684587927 0.0001 424
1695684587968 0.0001 425
1695684588007 0.0001 426
1695684588048 0.0001 427
1695684588084 0.0001 428
1695684588119 0.0001 429
1695684592718 0.0001 430
1695684592761 0.0001 431
1695684592801 0.0001 432
1695684592840 0.0001 433
1695684592879 0.0001 434
1695684592919 0.0001 435
1695684592959 0.0001 436
1695684592999 0.0001 437
1695684593037 0.0001 438
1695684593078 0.0001 439
1695684593120 0.0001 440
1695684593155 0.0001 441
1695684593189 0.0001 442
1695684597798 0.0001 443
1695684597838 0.0001 444
1695684597879 0.0001 445
1695684597919 0.0001 446
1695684597959 0.0001 447
1695684598000 0.0001 448
1695684598039 0.0001 449
1695684598078 0.0001 450
1695684598117 0.0001 451
1695684598158 0.0001 452
1695684598198 0.0001 453
1695684598233 0.0001 454
1695684598269 0.0001 455
1695684602892 0.0001 456
1695684602935 0.0001 457
1695684602976 0.0001 458
1695684603018 0.0001 459
1695684603058 0.0001 460
1695684603099 0.0001 461
1695684603142 0.0001 462
1695684603184 0.0001 463
1695684603224 0.0001 464
1695684603265 0.0001 465
1695684603305 0.0001 466
1695684603339 0.0001 467
1695684603374 0.0001 468
1695684608022 0.0001 469
1695684608062 0.0001 470
1695684608101 0.0001 471
1695684608141 0.0001 472
1695684608182 0.0001 473
1695684608223 0.0001 474
1695684608263 0.0001 475
1695684608301 0.0001 476
1695684608343 0.0001 477
1695684608385 0.0001 478
1695684608425 0.0001 479
1695684608461 0.0001 480
1695684608496 0.0001 481
1695684613275 0.0001 482
1695684613316 0.0001 483
1695684613356 0.0001 484
1695684613397 0.0001 485
1695684613437 0.0001 486
1695684613477 0.0001 487
1695684613517 0.0001 488
1695684613556 0.0001 489
1695684613597 0.0001 490
1695684613637 0.0001 491
1695684613677 0.0001 492
1695684613712 0.0001 493
1695684613746 0.0001 494
1695684618355 0.0001 495
1695684618396 0.0001 496
1695684618437 0.0001 497
1695684618478 0.0001 498
1695684618519 0.0001 499
1695684618557 0.0001 500
1695684618596 0.0001 501
1695684618634 0.0001 502
1695684618673 0.0001 503
1695684618712 0.0001 504
1695684618752 0.0001 505
1695684618787 0.0001 506
1695684618823 0.0001 507
1695684623447 0.0001 508
1695684623488 0.0001 509
1695684623528 0.0001 510
1695684623568 0.0001 511
1695684623608 0.0001 512
1695684623648 0.0001 513
1695684623687 0.0001 514
1695684623727 0.0001 515
1695684623766 0.0001 516
1695684623805 0.0001 517
1695684623846 0.0001 518
1695684623880 0.0001 519
1695684623914 0.0001 520
1695684628600 0.0001 521
1695684628641 0.0001 522
1695684628681 0.0001 523
1695684628721 0.0001 524
1695684628761 0.0001 525
1695684628801 0.0001 526
1695684628840 0.0001 527
1695684628880 0.0001 528
1695684628919 0.0001 529
1695684628958 0.0001 530
1695684628998 0.0001 531
1695684629031 0.0001 532
1695684629066 0.0001 533
1695684633708 0.0001 534
1695684633747 0.0001 535
1695684633786 0.0001 536
1695684633825 0.0001 537
1695684633869 0.0001 538
1695684633912 0.0001 539
1695684633954 0.0001 540
1695684633998 0.0001 541
1695684634040 0.0001 542
1695684634083 0.0001 543
1695684634126 0.0001 544
1695684634160 0.0001 545
1695684634195 0.0001 546
1695684638861 0.0001 547
1695684638901 0.0001 548
1695684638940 0.0001 549
1695684638979 0.0001 550
1695684639020 0.0001 551
1695684639060 0.0001 552
1695684639099 0.0001 553
1695684639139 0.0001 554
1695684639178 0.0001 555
1695684639217 0.0001 556
1695684639258 0.0001 557
1695684639291 0.0001 558
1695684639325 0.0001 559
1695684643940 0.0001 560
1695684643982 0.0001 561
1695684644023 0.0001 562
1695684644067 0.0001 563
1695684644123 0.0001 564
1695684644164 0.0001 565
1695684644206 0.0001 566
1695684644251 0.0001 567
1695684644294 0.0001 568
1695684644336 0.0001 569
1695684644382 0.0001 570
1695684644422 0.0001 571
1695684644458 0.0001 572
1695684649081 0.0001 573
1695684649123 0.0001 574
1695684649164 0.0001 575
1695684649205 0.0001 576
1695684649247 0.0001 577
1695684649288 0.0001 578
1695684649327 0.0001 579
1695684649367 0.0001 580
1695684649408 0.0001 581
1695684649448 0.0001 582
1695684649487 0.0001 583
1695684649523 0.0001 584
1695684649560 0.0001 585
1695684654182 0.0001 586
1695684654224 0.0001 587
1695684654264 0.0001 588
1695684654305 0.0001 589
1695684654346 0.0001 590
1695684654387 0.0001 591
1695684654427 0.0001 592
1695684654467 0.0001 593
1695684654506 0.0001 594
1695684654545 0.0001 595
1695684654583 0.0001 596
1695684654618 0.0001 597
1695684654652 0.0001 598
1695684659287 0.0001 599
1695684659328 0.0001 600
1695684659369 0.0001 601
1695684659410 0.0001 602
1695684659450 0.0001 603
1695684659489 0.0001 604
1695684659529 0.0001 605
1695684659571 0.0001 606
1695684659615 0.0001 607
1695684659656 0.0001 608
1695684659699 0.0001 609
1695684659735 0.0001 610
1695684659772 0.0001 611
1695684664432 0.0001 612
1695684664473 0.0001 613
1695684664514 0.0001 614
1695684664555 0.0001 615
1695684664596 0.0001 616
1695684664636 0.0001 617
1695684664675 0.0001 618
1695684664714 0.0001 619
1695684664754 0.0001 620
1695684664794 0.0001 621
1695684664832 0.0001 622
1695684664868 0.0001 623
1695684664903 0.0001 624
1695684669546 0.0001 625
1695684669586 0.0001 626
1695684669626 0.0001 627
1695684669666 0.0001 628
1695684669704 0.0001 629
1695684669743 0.0001 630
1695684669782 0.0001 631
1695684669821 0.0001 632
1695684669860 0.0001 633
1695684669899 0.0001 634
1695684669941 0.0001 635
1695684669975 0.0001 636
1695684670011 0.0001 637
1695684674623 0.0001 638
1695684674664 0.0001 639
1695684674703 0.0001 640
1695684674743 0.0001 641
1695684674784 0.0001 642
1695684674824 0.0001 643
1695684674865 0.0001 644
1695684674906 0.0001 645
1695684674946 0.0001 646
1695684674987 0.0001 647
1695684675029 0.0001 648
1695684675065 0.0001 649
1695684675099 0.0001 650
