1695684424321 0.6193188428878784 1
1695684429541 0.4212438762187958 2
1695684434756 0.5074256062507629 3
1695684439897 0.43876826763153076 4
1695684445020 0.513709545135498 5
1695684450266 0.7071622610092163 6
1695684455594 0.4841156005859375 7
1695684460678 0.447684109210968 8
1695684465734 0.5273940563201904 9
1695684470790 0.3887125253677368 10
1695684475825 0.7461836934089661 11
1695684480925 0.49593234062194824 12
1695684485964 0.6464634537696838 13
1695684491009 0.47894319891929626 14
1695684496065 0.4996023178100586 15
1695684501119 0.6348510980606079 16
1695684506180 0.2957824170589447 17
1695684511290 0.8220426440238953 18
1695684516470 0.634132981300354 19
1695684521566 0.32778024673461914 20
1695684526703 0.7125674486160278 21
1695684531782 0.453165739774704 22
1695684537016 0.4952075481414795 23
1695684542101 0.7091712355613708 24
1695684547270 0.6605015397071838 25
1695684552409 0.6201274991035461 26
1695684557477 0.44728586077690125 27
1695684562668 0.7617695927619934 28
1695684567791 0.7045290470123291 29
1695684572869 0.5023621916770935 30
1695684577951 0.6832246780395508 31
1695684583024 0.7500919103622437 32
1695684588121 0.6277756690979004 33
1695684593192 0.7965016961097717 34
1695684598272 0.5247190594673157 35
1695684603377 0.7268370985984802 36
1695684608499 0.6474412083625793 37
1695684613749 0.5283194184303284 38
1695684618826 0.5263100266456604 39
1695684623917 0.6997277736663818 40
1695684629069 0.5961377024650574 41
1695684634197 0.8275962471961975 42
1695684639327 0.43243226408958435 43
1695684644461 0.7522407174110413 44
1695684649563 0.5906344652175903 45
1695684654654 0.7763293385505676 46
1695684659775 0.7089222073554993 47
1695684664906 0.6838516592979431 48
1695684670013 0.690207839012146 49
1695684675102 0.6954517364501953 50
