1695668679159 0.5064483880996704 1
1695668679202 0.31171369552612305 2
1695668679241 0.5899613499641418 3
1695668679280 0.6180863976478577 4
1695668679314 0.3258931636810303 5
1695668679347 0.567135214805603 6
1695668682320 0.5688003897666931 7
1695668682359 0.6136150360107422 8
1695668682397 0.6992443799972534 9
1695668682434 0.5904660224914551 10
1695668682467 0.6372042298316956 11
1695668682500 0.4734981656074524 12
1695668685279 0.6138877272605896 13
1695668685317 0.5662392377853394 14
1695668685355 0.5768098831176758 15
1695668685393 0.5726330280303955 16
1695668685427 0.5789617300033569 17
1695668685461 0.7845102548599243 18
1695668688338 0.5568380951881409 19
1695668688378 0.5582102537155151 20
1695668688417 0.4945515990257263 21
1695668688455 0.24009953439235687 22
1695668688488 0.6635876893997192 23
1695668688522 0.29331570863723755 24
1695668691324 0.6096627712249756 25
1695668691362 0.5824134349822998 26
1695668691400 0.602128267288208 27
1695668691438 0.7193161249160767 28
1695668691471 0.5599130392074585 29
1695668691503 0.6381157636642456 30
1695668694328 0.6661708950996399 31
1695668694365 1.0728446245193481 32
1695668694404 0.6224853992462158 33
1695668694443 0.5599279403686523 34
1695668694477 0.5018601417541504 35
1695668694511 0.33977052569389343 36
1695668697415 0.5725531578063965 37
1695668697454 0.5604393482208252 38
1695668697495 0.3105573058128357 39
1695668697534 0.5597681999206543 40
1695668697569 0.559057354927063 41
1695668697604 0.46287718415260315 42
1695668700511 0.5769973397254944 43
1695668700553 0.44720369577407837 44
1695668700595 0.389045774936676 45
1695668700635 0.742348313331604 46
1695668700669 0.558117151260376 47
1695668700704 0.4225555956363678 48
1695668703538 0.464365154504776 49
1695668703577 0.26137208938598633 50
1695668703617 0.33302170038223267 51
1695668703656 0.5063984394073486 52
1695668703689 0.6130157709121704 53
1695668703725 0.45224612951278687 54
1695668706555 0.603179931640625 55
1695668706594 0.26029151678085327 56
1695668706632 0.5791257619857788 57
1695668706670 0.732305109500885 58
1695668706702 0.602077066898346 59
1695668706736 0.4854179322719574 60
1695668709551 0.6478855013847351 61
1695668709593 0.422817587852478 62
1695668709633 0.6283102631568909 63
1695668709672 0.6214436888694763 64
1695668709706 0.5643700957298279 65
1695668709741 0.28558260202407837 66
1695668712590 0.5897414684295654 67
1695668712629 0.5847127437591553 68
1695668712668 0.6251589059829712 69
1695668712707 0.4803318381309509 70
1695668712741 0.6393576860427856 71
1695668712775 0.5749815702438354 72
1695668715605 0.5609254837036133 73
1695668715644 0.5611916780471802 74
1695668715682 0.5789657831192017 75
1695668715721 0.5649695992469788 76
1695668715755 0.37998366355895996 77
1695668715789 0.5464270114898682 78
1695668718624 0.5524460077285767 79
1695668718663 0.5613754987716675 80
1695668718702 0.5512353181838989 81
1695668718740 0.5686883926391602 82
1695668718774 0.5623695850372314 83
1695668718807 0.6753280162811279 84
1695668721642 0.7932982444763184 85
1695668721683 0.7205914258956909 86
1695668721725 0.5615333914756775 87
1695668721766 0.6146178245544434 88
1695668721801 0.548789381980896 89
1695668721836 0.5564748644828796 90
1695668724753 0.46036458015441895 91
1695668724795 0.5689945816993713 92
1695668724837 0.5776095390319824 93
1695668724878 0.5640671849250793 94
1695668724914 0.6537122130393982 95
1695668724951 0.6453198790550232 96
1695668727856 0.6641243100166321 97
1695668727895 0.5896385908126831 98
1695668727934 0.5955476760864258 99
1695668727972 0.6450395584106445 100
1695668728005 0.559695303440094 101
1695668728038 0.6361484527587891 102
1695668730898 0.6266191005706787 103
1695668730939 0.2812853157520294 104
1695668730980 0.4344629943370819 105
1695668731020 0.604892909526825 106
1695668731054 0.4608118534088135 107
1695668731088 0.5758036971092224 108
1695668733942 0.6009677648544312 109
1695668733986 0.4658612906932831 110
1695668734031 0.5706959962844849 111
1695668734075 0.5447050333023071 112
1695668734110 0.48993703722953796 113
1695668734143 0.5516437292098999 114
1695668737026 1.4208319187164307 115
1695668737066 0.256167471408844 116
1695668737106 0.2624343931674957 117
1695668737143 0.5970848202705383 118
1695668737177 0.5965452790260315 119
1695668737211 0.5756893754005432 120
1695668740153 0.4511571228504181 121
1695668740197 0.5925419330596924 122
1695668740242 0.6369838714599609 123
1695668740288 0.5923123359680176 124
1695668740324 0.3324984610080719 125
1695668740359 0.5542164444923401 126
1695668743292 0.5473728179931641 127
1695668743334 0.3349037766456604 128
1695668743374 0.5585940480232239 129
1695668743413 0.59788978099823 130
1695668743447 0.7052806615829468 131
1695668743482 0.34598681330680847 132
1695668746378 0.8174920082092285 133
1695668746416 0.5489519238471985 134
1695668746454 0.6258697509765625 135
1695668746491 0.5591660141944885 136
1695668746525 0.33716443181037903 137
1695668746559 0.3735073208808899 138
1695668749453 0.5747331976890564 139
1695668749494 0.5681118965148926 140
1695668749537 0.5629374980926514 141
1695668749582 0.5670565366744995 142
1695668749617 0.4641897678375244 143
1695668749651 0.5537081360816956 144
1695668752552 0.32085588574409485 145
1695668752590 0.5963910818099976 146
1695668752630 0.3506973385810852 147
1695668752667 0.5516136884689331 148
1695668752701 0.549544095993042 149
1695668752735 0.55259108543396 150
1695668755662 0.6306582689285278 151
1695668755703 0.548708975315094 152
1695668755744 0.36495622992515564 153
1695668755783 0.5413961410522461 154
1695668755819 0.37163248658180237 155
1695668755853 0.546082079410553 156
1695668758815 0.5803786516189575 157
1695668758855 0.5591956377029419 158
1695668758894 0.5552316904067993 159
1695668758937 0.19702379405498505 160
1695668758971 0.558883547782898 161
1695668759003 0.562200665473938 162
1695668761944 0.2504575252532959 163
1695668761985 0.5470432639122009 164
1695668762026 0.5375071167945862 165
1695668762066 0.26825249195098877 166
1695668762101 0.5426654815673828 167
1695668762135 0.5672613382339478 168
1695668765087 0.3897683918476105 169
1695668765126 0.5508514046669006 170
1695668765166 0.5576506853103638 171
1695668765204 0.5639856457710266 172
1695668765239 0.20622360706329346 173
1695668765272 0.5911567211151123 174
1695668768226 0.5558295845985413 175
1695668768265 0.42575085163116455 176
1695668768305 0.40210461616516113 177
1695668768344 0.1812467873096466 178
1695668768379 0.5538445115089417 179
1695668768412 0.6162383556365967 180
1695668771377 0.47239434719085693 181
1695668771416 0.5392963290214539 182
1695668771455 0.549566924571991 183
1695668771493 0.542768120765686 184
1695668771528 0.3587777614593506 185
1695668771563 0.5491220355033875 186
1695668774646 0.6540997624397278 187
1695668774687 0.5421015620231628 188
1695668774727 0.5490517616271973 189
1695668774768 0.5677077174186707 190
1695668774802 0.7752898335456848 191
1695668774836 0.4033181369304657 192
1695668777824 0.555413544178009 193
1695668777863 0.20798610150814056 194
1695668777902 0.3270076513290405 195
1695668777941 0.5633936524391174 196
1695668777975 0.5638208389282227 197
1695668778009 0.21225503087043762 198
1695668780995 0.5778632760047913 199
1695668781033 0.5700072050094604 200
1695668781072 0.5384358763694763 201
1695668781111 0.6019787192344666 202
1695668781145 0.32783955335617065 203
1695668781178 0.47228705883026123 204
1695668784163 0.6140850782394409 205
1695668784204 0.37915557622909546 206
1695668784245 0.5413719415664673 207
1695668784284 0.36090487241744995 208
1695668784319 0.6021405458450317 209
1695668784353 0.27452927827835083 210
1695668787352 0.5434216260910034 211
1695668787392 0.263026624917984 212
1695668787432 0.5471696257591248 213
1695668787472 0.6348919868469238 214
1695668787507 0.26845985651016235 215
1695668787542 0.5437467098236084 216
1695668790584 0.5439015626907349 217
1695668790624 0.44551998376846313 218
1695668790664 0.5079248547554016 219
1695668790703 0.5486671924591064 220
1695668790738 0.15387265384197235 221
1695668790772 0.5540504455566406 222
1695668793765 0.5595483779907227 223
1695668793806 0.3700205087661743 224
1695668793845 0.3933846056461334 225
1695668793884 0.5543878078460693 226
1695668793918 0.5655844211578369 227
1695668793952 0.14152860641479492 228
1695668796921 0.5433550477027893 229
1695668796960 0.5504656434059143 230
1695668796999 0.5388463735580444 231
1695668797036 0.5634821057319641 232
1695668797071 0.5600045323371887 233
1695668797105 0.5339133739471436 234
1695668800072 0.3673063814640045 235
1695668800112 0.437561571598053 236
1695668800151 0.5595707893371582 237
1695668800188 0.25757694244384766 238
1695668800222 0.5548695921897888 239
1695668800256 0.8686704635620117 240
1695668803277 0.5432724356651306 241
1695668803316 0.2697651982307434 242
1695668803356 0.4817994236946106 243
1695668803395 0.5466562509536743 244
1695668803429 0.5443590879440308 245
1695668803463 0.5935039520263672 246
1695668806437 0.5751171708106995 247
1695668806476 0.4654697775840759 248
1695668806515 0.301532119512558 249
1695668806554 0.2875138521194458 250
1695668806588 0.5741804838180542 251
1695668806622 0.31914496421813965 252
1695668809565 0.5468246936798096 253
1695668809605 0.5543798208236694 254
1695668809645 0.5533361434936523 255
1695668809685 0.6111853718757629 256
1695668809721 1.711882472038269 257
1695668809756 0.25879761576652527 258
1695668812702 0.5641406178474426 259
1695668812743 0.552300214767456 260
1695668812782 0.5515235662460327 261
1695668812822 0.5911651253700256 262
1695668812856 1.5462822914123535 263
1695668812891 0.5665189623832703 264
1695668815856 0.7421737313270569 265
1695668815896 0.5350804328918457 266
1695668815935 1.3707466125488281 267
1695668815974 0.5837961435317993 268
1695668816009 0.3878864645957947 269
1695668816043 0.5887916684150696 270
1695668819003 0.4481804370880127 271
1695668819041 0.6514689326286316 272
1695668819080 0.511360228061676 273
1695668819117 0.6990181803703308 274
1695668819151 0.5505083203315735 275
1695668819184 0.5073598623275757 276
1695668822140 0.3771652579307556 277
1695668822180 0.9808517098426819 278
1695668822221 0.8133096098899841 279
1695668822260 0.6360281109809875 280
1695668822296 0.41176649928092957 281
1695668822330 0.5813784003257751 282
1695668825307 0.666459858417511 283
1695668825345 0.6055340766906738 284
1695668825383 0.44484564661979675 285
1695668825421 0.5990210771560669 286
1695668825457 0.3602588176727295 287
1695668825492 0.4568403363227844 288
1695668828452 0.5647841691970825 289
1695668828490 0.5380682945251465 290
1695668828528 0.5453704595565796 291
1695668828566 0.579075813293457 292
1695668828600 0.5847981572151184 293
1695668828633 0.39453062415122986 294
1695668831584 0.5507436990737915 295
1695668831623 0.45708271861076355 296
1695668831662 0.51669842004776 297
1695668831700 0.583677351474762 298
1695668831735 0.5519254207611084 299
1695668831768 0.5238144397735596 300
