1695668679161 0.0001 1
1695668679203 0.0001 2
1695668679243 0.0001 3
1695668679281 0.0001 4
1695668679315 0.0001 5
1695668679349 0.0001 6
1695668682321 0.0001 7
1695668682360 0.0001 8
1695668682398 0.0001 9
1695668682435 0.0001 10
1695668682467 0.0001 11
1695668682501 0.0001 12
1695668685280 0.0001 13
1695668685318 0.0001 14
1695668685356 0.0001 15
1695668685394 0.0001 16
1695668685428 0.0001 17
1695668685462 0.0001 18
1695668688339 0.0001 19
1695668688379 0.0001 20
1695668688418 0.0001 21
1695668688456 0.0001 22
1695668688489 0.0001 23
1695668688523 0.0001 24
1695668691325 0.0001 25
1695668691363 0.0001 26
1695668691401 0.0001 27
1695668691439 0.0001 28
1695668691472 0.0001 29
1695668691504 0.0001 30
1695668694329 0.0001 31
1695668694366 0.0001 32
1695668694405 0.0001 33
1695668694444 0.0001 34
1695668694478 0.0001 35
1695668694512 0.0001 36
1695668697416 0.0001 37
1695668697455 0.0001 38
1695668697496 0.0001 39
1695668697535 0.0001 40
1695668697570 0.0001 41
1695668697605 0.0001 42
1695668700513 0.0001 43
1695668700555 0.0001 44
1695668700596 0.0001 45
1695668700636 0.0001 46
1695668700670 0.0001 47
1695668700705 0.0001 48
1695668703539 0.0001 49
1695668703579 0.0001 50
1695668703618 0.0001 51
1695668703657 0.0001 52
1695668703690 0.0001 53
1695668703726 0.0001 54
1695668706556 0.0001 55
1695668706596 0.0001 56
1695668706633 0.0001 57
1695668706671 0.0001 58
1695668706703 0.0001 59
1695668706737 0.0001 60
1695668709553 0.0001 61
1695668709594 0.0001 62
1695668709635 0.0001 63
1695668709673 0.0001 64
1695668709707 0.0001 65
1695668709742 0.0001 66
1695668712591 0.0001 67
1695668712630 0.0001 68
1695668712669 0.0001 69
1695668712708 0.0001 70
1695668712743 0.0001 71
1695668712776 0.0001 72
1695668715606 0.0001 73
1695668715645 0.0001 74
1695668715683 0.0001 75
1695668715722 0.0001 76
1695668715756 0.0001 77
1695668715790 0.0001 78
1695668718625 0.0001 79
1695668718664 0.0001 80
1695668718703 0.0001 81
1695668718741 0.0001 82
1695668718775 0.0001 83
1695668718809 0.0001 84
1695668721644 0.0001 85
1695668721684 0.0001 86
1695668721726 0.0001 87
1695668721767 0.0001 88
1695668721803 0.0001 89
1695668721837 0.0001 90
1695668724754 0.0001 91
1695668724796 0.0001 92
1695668724838 0.0001 93
1695668724879 0.0001 94
1695668724915 0.0001 95
1695668724952 0.0001 96
1695668727857 0.0001 97
1695668727896 0.0001 98
1695668727935 0.0001 99
1695668727973 0.0001 100
1695668728006 0.0001 101
1695668728039 0.0001 102
1695668730899 0.0001 103
1695668730940 0.0001 104
1695668730981 0.0001 105
1695668731021 0.0001 106
1695668731056 0.0001 107
1695668731089 0.0001 108
1695668733943 0.0001 109
1695668733987 0.0001 110
1695668734032 0.0001 111
1695668734076 0.0001 112
1695668734111 0.0001 113
1695668734144 0.0001 114
1695668737027 0.0001 115
1695668737067 0.0001 116
1695668737107 0.0001 117
1695668737145 0.0001 118
1695668737178 0.0001 119
1695668737212 0.0001 120
1695668740154 0.0001 121
1695668740198 0.0001 122
1695668740243 0.0001 123
1695668740289 0.0001 124
1695668740325 0.0001 125
1695668740360 0.0001 126
1695668743293 0.0001 127
1695668743335 0.0001 128
1695668743375 0.0001 129
1695668743414 0.0001 130
1695668743448 0.0001 131
1695668743483 0.0001 132
1695668746379 0.0001 133
1695668746417 0.0001 134
1695668746455 0.0001 135
1695668746492 0.0001 136
1695668746526 0.0001 137
1695668746559 0.0001 138
1695668749455 0.0001 139
1695668749495 0.0001 140
1695668749539 0.0001 141
1695668749584 0.0001 142
1695668749618 0.0001 143
1695668749652 0.0001 144
1695668752553 0.0001 145
1695668752591 0.0001 146
1695668752631 0.0001 147
1695668752668 0.0001 148
1695668752702 0.0001 149
1695668752736 0.0001 150
1695668755663 0.0001 151
1695668755705 0.0001 152
1695668755745 0.0001 153
1695668755784 0.0001 154
1695668755820 0.0001 155
1695668755855 0.0001 156
1695668758816 0.0001 157
1695668758856 0.0001 158
1695668758895 0.0001 159
1695668758938 0.0001 160
1695668758972 0.0001 161
1695668759004 0.0001 162
1695668761945 0.0001 163
1695668761986 0.0001 164
1695668762027 0.0001 165
1695668762067 0.0001 166
1695668762102 0.0001 167
1695668762136 0.0001 168
1695668765088 0.0001 169
1695668765127 0.0001 170
1695668765167 0.0001 171
1695668765205 0.0001 172
1695668765240 0.0001 173
1695668765273 0.0001 174
1695668768227 0.0001 175
1695668768267 0.0001 176
1695668768306 0.0001 177
1695668768346 0.0001 178
1695668768380 0.0001 179
1695668768413 0.0001 180
1695668771379 0.0001 181
1695668771417 0.0001 182
1695668771456 0.0001 183
1695668771495 0.0001 184
1695668771529 0.0001 185
1695668771564 0.0001 186
1695668774648 0.0001 187
1695668774688 0.0001 188
1695668774728 0.0001 189
1695668774769 0.0001 190
1695668774803 0.0001 191
1695668774837 0.0001 192
1695668777825 0.0001 193
1695668777864 0.0001 194
1695668777904 0.0001 195
1695668777942 0.0001 196
1695668777976 0.0001 197
1695668778010 0.0001 198
1695668780996 0.0001 199
1695668781035 0.0001 200
1695668781073 0.0001 201
1695668781112 0.0001 202
1695668781146 0.0001 203
1695668781179 0.0001 204
1695668784165 0.0001 205
1695668784205 0.0001 206
1695668784246 0.0001 207
1695668784285 0.0001 208
1695668784320 0.0001 209
1695668784354 0.0001 210
1695668787353 0.0001 211
1695668787393 0.0001 212
1695668787433 0.0001 213
1695668787473 0.0001 214
1695668787509 0.0001 215
1695668787543 0.0001 216
1695668790585 0.0001 217
1695668790625 0.0001 218
1695668790665 0.0001 219
1695668790704 0.0001 220
1695668790739 0.0001 221
1695668790774 0.0001 222
1695668793766 0.0001 223
1695668793807 0.0001 224
1695668793847 0.0001 225
1695668793885 0.0001 226
1695668793919 0.0001 227
1695668793953 0.0001 228
1695668796922 0.0001 229
1695668796961 0.0001 230
1695668797000 0.0001 231
1695668797037 0.0001 232
1695668797072 0.0001 233
1695668797106 0.0001 234
1695668800073 0.0001 235
1695668800113 0.0001 236
1695668800152 0.0001 237
1695668800189 0.0001 238
1695668800223 0.0001 239
1695668800257 0.0001 240
1695668803278 0.0001 241
1695668803317 0.0001 242
1695668803357 0.0001 243
1695668803396 0.0001 244
1695668803430 0.0001 245
1695668803464 0.0001 246
1695668806438 0.0001 247
1695668806478 0.0001 248
1695668806516 0.0001 249
1695668806555 0.0001 250
1695668806589 0.0001 251
1695668806623 0.0001 252
1695668809566 0.0001 253
1695668809606 0.0001 254
1695668809646 0.0001 255
1695668809686 0.0001 256
1695668809722 0.0001 257
1695668809757 0.0001 258
1695668812704 0.0001 259
1695668812744 0.0001 260
1695668812783 0.0001 261
1695668812823 0.0001 262
1695668812858 0.0001 263
1695668812892 0.0001 264
1695668815857 0.0001 265
1695668815897 0.0001 266
1695668815936 0.0001 267
1695668815975 0.0001 268
1695668816010 0.0001 269
1695668816044 0.0001 270
1695668819004 0.0001 271
1695668819042 0.0001 272
1695668819081 0.0001 273
1695668819118 0.0001 274
1695668819152 0.0001 275
1695668819185 0.0001 276
1695668822141 0.0001 277
1695668822181 0.0001 278
1695668822222 0.0001 279
1695668822262 0.0001 280
1695668822297 0.0001 281
1695668822331 0.0001 282
1695668825308 0.0001 283
1695668825346 0.0001 284
1695668825384 0.0001 285
1695668825422 0.0001 286
1695668825458 0.0001 287
1695668825493 0.0001 288
1695668828453 0.0001 289
1695668828491 0.0001 290
1695668828529 0.0001 291
1695668828567 0.0001 292
1695668828601 0.0001 293
1695668828634 0.0001 294
1695668831585 0.0001 295
1695668831624 0.0001 296
1695668831663 0.0001 297
1695668831702 0.0001 298
1695668831736 0.0001 299
1695668831769 0.0001 300
