1695668679351 0.7603764533996582 1
1695668682503 0.5981404781341553 2
1695668685464 0.10515369474887848 3
1695668688525 0.6723548173904419 4
1695668691506 0.0 5
1695668694514 0.42735496163368225 6
1695668697607 0.4613211452960968 7
1695668700707 0.08617472648620605 8
1695668703728 0.5730411410331726 9
1695668706739 0.5963212251663208 10
1695668709744 0.3532906472682953 11
1695668712779 0.1500903069972992 12
1695668715792 0.08588921278715134 13
1695668718811 0.02617608569562435 14
1695668721840 0.12183073163032532 15
1695668724954 0.22665774822235107 16
1695668728041 0.0 17
1695668731091 0.4421272277832031 18
1695668734146 0.158480703830719 19
1695668737214 0.5870960354804993 20
1695668740362 0.3617350161075592 21
1695668743485 0.42744311690330505 22
1695668746561 0.44154635071754456 23
1695668749654 0.04389563575387001 24
1695668752738 0.45171797275543213 25
1695668755857 0.22292137145996094 26
1695668759006 0.44969016313552856 27
1695668762138 0.28709331154823303 28
1695668765275 0.4600462019443512 29
1695668768415 0.2971958816051483 30
1695668771566 0.531256914138794 31
1695668774839 0.6067525148391724 32
1695668778012 0.7150036692619324 33
1695668781181 0.319458544254303 34
1695668784356 0.4565412700176239 35
1695668787545 0.6338215470314026 36
1695668790776 0.4343515932559967 37
1695668793955 0.4688138961791992 38
1695668797108 0.0 39
1695668800259 0.6370179057121277 40
1695668803466 0.3867441713809967 41
1695668806625 0.46155646443367004 42
1695668809759 0.40713655948638916 43
1695668812894 0.18556511402130127 44
1695668816047 0.39545267820358276 45
1695668819187 0.32060331106185913 46
1695668822333 0.3325662612915039 47
1695668825495 0.45754969120025635 48
1695668828636 0.13816572725772858 49
1695668831771 0.1397702693939209 50
