1695678124504 0.6554991006851196 1
1695678124546 0.586390495300293 2
1695678124588 0.5975906848907471 3
1695678124627 0.5289509296417236 4
1695678124665 0.5252633690834045 5
1695678124703 0.5283912420272827 6
1695678124739 0.7007768154144287 7
1695678124772 0.5197229385375977 8
1695678124805 0.5227330327033997 9
1695678127900 0.18646623194217682 10
1695678127941 0.5057995915412903 11
1695678127980 0.32543694972991943 12
1695678128018 0.5254155397415161 13
1695678128057 0.5311872959136963 14
1695678128095 0.5328207612037659 15
1695678128133 0.5323742628097534 16
1695678128167 0.5195454359054565 17
1695678128200 0.5220122933387756 18
1695678131151 0.7846423983573914 19
1695678131189 1.3204680681228638 20
1695678131227 0.5259961485862732 21
1695678131266 0.1974990963935852 22
1695678131306 0.3998495638370514 23
1695678131345 1.0384976863861084 24
1695678131384 0.1774991899728775 25
1695678131418 0.5564925074577332 26
1695678131451 0.22664834558963776 27
1695678134436 0.5340902209281921 28
1695678134476 0.24024614691734314 29
1695678134517 0.24400845170021057 30
1695678134555 0.7167107462882996 31
1695678134594 0.5302848815917969 32
1695678134632 0.24370059370994568 33
1695678134670 0.44293907284736633 34
1695678134704 0.5519132614135742 35
1695678134737 0.5367620587348938 36
1695678137687 0.4465583860874176 37
1695678137726 0.5439562797546387 38
1695678137766 0.537360668182373 39
1695678137805 0.27533555030822754 40
1695678137843 0.5275013446807861 41
1695678137883 0.3590600788593292 42
1695678137921 0.541743814945221 43
1695678137956 2.038951873779297 44
1695678137989 0.5979340076446533 45
1695678140976 0.5605972409248352 46
1695678141016 0.5520745515823364 47
1695678141054 0.547978401184082 48
1695678141091 0.535455048084259 49
1695678141129 1.1061738729476929 50
1695678141167 0.6161197423934937 51
1695678141204 0.5403071641921997 52
1695678141239 0.32252010703086853 53
1695678141271 0.5329552888870239 54
1695678144212 0.5356194376945496 55
1695678144252 0.5231026411056519 56
1695678144291 0.2804129421710968 57
1695678144330 0.5775537490844727 58
1695678144371 0.8392124176025391 59
1695678144411 0.353237509727478 60
1695678144449 0.6239098310470581 61
1695678144483 0.5872436165809631 62
1695678144517 0.491873174905777 63
1695678147455 0.9149019122123718 64
1695678147494 0.4414115846157074 65
1695678147533 0.28351813554763794 66
1695678147571 0.543583869934082 67
1695678147611 0.5469520092010498 68
1695678147652 0.29638153314590454 69
1695678147693 0.538190484046936 70
1695678147727 0.5586220026016235 71
1695678147761 0.5314010381698608 72
1695678150751 0.5229423642158508 73
1695678150790 0.5357740521430969 74
1695678150829 0.3781554102897644 75
1695678150868 0.42226964235305786 76
1695678150907 0.5231082439422607 77
1695678150945 0.5312063694000244 78
1695678150984 0.2937280833721161 79
1695678151018 0.14374279975891113 80
1695678151052 0.2273256778717041 81
1695678154013 0.5275120139122009 82
1695678154054 0.1581365466117859 83
1695678154093 0.6211217641830444 84
1695678154131 0.5203164219856262 85
1695678154171 0.3054198920726776 86
1695678154210 0.5283213257789612 87
1695678154251 0.5370301008224487 88
1695678154287 0.5620124936103821 89
1695678154322 0.4928034245967865 90
1695678157322 0.5744252800941467 91
1695678157362 0.3774436116218567 92
1695678157401 0.5392047166824341 93
1695678157439 0.5496909618377686 94
1695678157477 0.5336841344833374 95
1695678157516 0.2384539246559143 96
1695678157558 0.22254866361618042 97
1695678157592 0.10834202915430069 98
1695678157625 0.5245190858840942 99
1695678160589 0.24670471251010895 100
1695678160628 0.5413153171539307 101
1695678160668 0.5111861228942871 102
1695678160709 0.17964527010917664 103
1695678160749 0.5390819311141968 104
1695678160793 0.5182579755783081 105
1695678160832 0.12278638035058975 106
1695678160866 1.813705563545227 107
1695678160901 0.39338231086730957 108
1695678163867 0.5493845343589783 109
1695678163907 0.5096476078033447 110
1695678163946 0.5437846779823303 111
1695678163985 0.6467856168746948 112
1695678164024 0.6154736876487732 113
1695678164063 0.5964341163635254 114
1695678164101 0.6911453008651733 115
1695678164136 0.3602082431316376 116
1695678164170 0.6308231949806213 117
1695678167168 0.43522757291793823 118
1695678167207 0.46178948879241943 119
1695678167247 0.14372746646404266 120
1695678167286 0.5404152274131775 121
1695678167327 0.562370777130127 122
1695678167366 0.6105027198791504 123
1695678167406 0.3463471829891205 124
1695678167440 0.969832181930542 125
1695678167473 0.5403438806533813 126
1695678170451 0.5590361952781677 127
1695678170490 0.5399061441421509 128
1695678170529 0.53155118227005 129
1695678170567 0.5250570774078369 130
1695678170606 0.5364837050437927 131
1695678170646 0.45969587564468384 132
1695678170684 0.3356946110725403 133
1695678170719 0.16285836696624756 134
1695678170752 0.5324437022209167 135
1695678173724 0.5264309048652649 136
1695678173764 0.37909096479415894 137
1695678173804 0.5224989056587219 138
1695678173843 0.32381671667099 139
1695678173881 0.5266456007957458 140
1695678173919 0.30600759387016296 141
1695678173957 0.13170944154262543 142
1695678173990 0.5246025323867798 143
1695678174024 0.5833349823951721 144
1695678177025 0.2216878980398178 145
1695678177065 0.4056544005870819 146
1695678177105 0.12111905962228775 147
1695678177145 0.524363100528717 148
1695678177183 0.42736002802848816 149
1695678177223 0.5508630275726318 150
1695678177261 0.5339374542236328 151
1695678177296 0.5226045846939087 152
1695678177330 0.46403372287750244 153
1695678180425 0.15189260244369507 154
1695678180470 0.5348487496376038 155
1695678180511 0.18154087662696838 156
1695678180552 1.8836255073547363 157
1695678180594 0.24700962007045746 158
1695678180634 1.735746145248413 159
1695678180674 0.5465726256370544 160
1695678180709 0.1657823920249939 161
1695678180742 0.5330401062965393 162
1695678183764 0.5552355647087097 163
1695678183804 0.2071082592010498 164
1695678183843 0.5433341860771179 165
1695678183881 0.5354079008102417 166
1695678183921 0.7162506580352783 167
1695678183960 0.4788384437561035 168
1695678183999 0.22648122906684875 169
1695678184033 0.5370521545410156 170
1695678184067 0.33476439118385315 171
1695678187067 0.5253613591194153 172
1695678187106 0.9973918795585632 173
1695678187144 0.43684983253479004 174
1695678187182 0.5873786211013794 175
1695678187222 0.5250287055969238 176
1695678187261 0.5348876714706421 177
1695678187301 0.6032779812812805 178
1695678187335 0.521161675453186 179
1695678187369 0.5214961767196655 180
1695678190442 0.47238248586654663 181
1695678190481 0.5305067300796509 182
1695678190520 0.4755556285381317 183
1695678190560 0.29476702213287354 184
1695678190598 0.5222731232643127 185
1695678190637 0.6789425611495972 186
1695678190676 0.3044726848602295 187
1695678190709 0.48398521542549133 188
1695678190745 0.551643431186676 189
1695678193766 0.14839035272598267 190
1695678193807 0.18985900282859802 191
1695678193845 0.6780494451522827 192
1695678193884 0.41221025586128235 193
1695678193922 0.5398069620132446 194
1695678193960 0.5313937067985535 195
1695678193999 0.268553763628006 196
1695678194034 0.15557172894477844 197
1695678194068 0.5218703746795654 198
1695678197156 0.5450579524040222 199
1695678197195 0.5654516220092773 200
1695678197235 1.053817629814148 201
1695678197275 0.21562525629997253 202
1695678197316 0.5340592861175537 203
1695678197357 0.5647228956222534 204
1695678197397 0.5299780368804932 205
1695678197433 0.5233467221260071 206
1695678197467 0.3591127395629883 207
1695678200496 0.1354246437549591 208
1695678200536 0.5423146486282349 209
1695678200575 0.26340875029563904 210
1695678200614 0.2801107168197632 211
1695678200652 0.5651687383651733 212
1695678200691 0.38015681505203247 213
1695678200730 0.5195871591567993 214
1695678200764 0.2551988363265991 215
1695678200797 0.5623931288719177 216
1695678203819 0.4455861747264862 217
1695678203858 0.5256183743476868 218
1695678203897 0.531127393245697 219
1695678203935 1.1018925905227661 220
1695678203974 0.521673321723938 221
1695678204013 0.255532830953598 222
1695678204052 0.5186764597892761 223
1695678204088 0.29354098439216614 224
1695678204124 0.5494874715805054 225
1695678207177 0.5216121077537537 226
1695678207216 0.7045559287071228 227
1695678207255 0.4128943979740143 228
1695678207294 0.23896998167037964 229
1695678207333 0.5682279467582703 230
1695678207372 0.5462929606437683 231
1695678207410 0.5330955386161804 232
1695678207444 0.5638200640678406 233
1695678207479 0.3928457498550415 234
1695678210720 0.40267956256866455 235
1695678210760 1.5525161027908325 236
1695678210798 0.5385959148406982 237
1695678210836 0.285126268863678 238
1695678210875 0.39629486203193665 239
1695678210912 0.5334634184837341 240
1695678210951 0.6576443314552307 241
1695678210985 0.21661925315856934 242
1695678211020 0.3775232434272766 243
1695678214069 0.5397217273712158 244
1695678214108 0.5199069976806641 245
1695678214147 0.5023040175437927 246
1695678214185 0.5314476490020752 247
1695678214223 0.18691369891166687 248
1695678214262 0.15928341448307037 249
1695678214301 0.31074655055999756 250
1695678214335 0.5272298455238342 251
1695678214368 0.5354260206222534 252
1695678217433 0.5272210836410522 253
1695678217472 0.613524317741394 254
1695678217514 0.1725044548511505 255
1695678217555 0.2805318832397461 256
1695678217596 0.23558950424194336 257
1695678217636 0.535875141620636 258
1695678217674 0.5239675045013428 259
1695678217708 0.5763819813728333 260
1695678217742 0.5070866346359253 261
1695678220813 0.5217558741569519 262
1695678220852 0.5223982334136963 263
1695678220889 0.5245437026023865 264
1695678220928 0.4331625699996948 265
1695678220967 0.1096765547990799 266
1695678221006 0.12567245960235596 267
1695678221044 0.12286069989204407 268
1695678221078 0.5484908819198608 269
1695678221111 0.5352309942245483 270
1695678224177 0.4150667190551758 271
1695678224216 0.4449705183506012 272
1695678224255 0.5600990653038025 273
1695678224295 0.5216944217681885 274
1695678224336 0.22684845328330994 275
1695678224378 0.4550802409648895 276
1695678224418 0.5308216214179993 277
1695678224454 0.16633287072181702 278
1695678224489 0.4262693226337433 279
1695678227607 0.4012923240661621 280
1695678227646 0.5987638235092163 281
1695678227687 0.6127766966819763 282
1695678227726 0.5827153921127319 283
1695678227766 0.23114874958992004 284
1695678227806 0.5291358232498169 285
1695678227845 0.5302322506904602 286
1695678227881 0.5718599557876587 287
1695678227916 0.5346188545227051 288
1695678231050 0.5543698072433472 289
1695678231089 0.5375059843063354 290
1695678231128 0.22119224071502686 291
1695678231166 0.14793381094932556 292
1695678231204 0.5387996435165405 293
1695678231242 0.5270987153053284 294
1695678231280 0.5371401906013489 295
1695678231314 0.5436007380485535 296
1695678231347 0.5211584568023682 297
1695678234487 0.5776617527008057 298
1695678234525 0.5389885902404785 299
1695678234563 0.5328627228736877 300
1695678234601 0.47026151418685913 301
1695678234639 0.5195574760437012 302
1695678234676 0.5233330130577087 303
1695678234715 0.23473453521728516 304
1695678234749 0.5517674088478088 305
1695678234784 0.523655116558075 306
1695678237908 0.5248436331748962 307
1695678237947 0.5236300826072693 308
1695678237985 0.5241766571998596 309
1695678238023 0.5288686752319336 310
1695678238061 0.6715539693832397 311
1695678238099 0.2799202501773834 312
1695678238137 0.21733911335468292 313
1695678238172 0.3645451068878174 314
1695678238205 0.5667479634284973 315
1695678241321 0.5248392224311829 316
1695678241361 0.5284662842750549 317
1695678241401 0.19189044833183289 318
1695678241439 0.5788841843605042 319
1695678241477 0.33480629324913025 320
1695678241517 0.24012035131454468 321
1695678241556 0.532730221748352 322
1695678241590 0.5334038734436035 323
1695678241624 0.5611057281494141 324
1695678244752 0.5388621687889099 325
1695678244792 0.4830540418624878 326
1695678244831 0.5325621962547302 327
1695678244870 0.21212124824523926 328
1695678244909 0.30979520082473755 329
1695678244948 0.53145432472229 330
1695678244987 0.5588587522506714 331
1695678245021 0.5376549959182739 332
1695678245055 0.27361980080604553 333
1695678248174 0.37732964754104614 334
1695678248213 0.2934798002243042 335
1695678248252 0.19149965047836304 336
1695678248289 0.5311166644096375 337
1695678248328 0.5495277643203735 338
1695678248366 0.4646654427051544 339
1695678248404 0.6553638577461243 340
1695678248438 0.14913558959960938 341
1695678248471 0.5400218367576599 342
1695678251588 0.5172191262245178 343
1695678251626 0.5230957269668579 344
1695678251667 0.5679136514663696 345
1695678251707 0.42073896527290344 346
1695678251747 0.20378345251083374 347
1695678251785 0.5632748603820801 348
1695678251827 0.5371660590171814 349
1695678251861 0.4346289336681366 350
1695678251895 0.4792112708091736 351
1695678255013 0.34991002082824707 352
1695678255053 0.20017574727535248 353
1695678255093 0.5183347463607788 354
1695678255132 0.20014722645282745 355
1695678255171 0.3111304044723511 356
1695678255210 0.5263612866401672 357
1695678255249 0.5403521656990051 358
1695678255283 0.35391873121261597 359
1695678255317 0.5405001044273376 360
1695678258487 0.24370907247066498 361
1695678258526 0.5788242816925049 362
1695678258565 0.535537838935852 363
1695678258605 0.46395647525787354 364
1695678258644 0.5023210644721985 365
1695678258683 0.5238538384437561 366
1695678258721 0.3431541323661804 367
1695678258755 0.1115248054265976 368
1695678258790 0.678531289100647 369
1695678261892 0.5290737152099609 370
1695678261931 0.5222238898277283 371
1695678261971 0.5044082999229431 372
1695678262009 0.5192959904670715 373
1695678262048 0.5208965539932251 374
1695678262091 0.20849746465682983 375
1695678262129 0.5280705094337463 376
1695678262162 0.5348200798034668 377
1695678262196 0.20094045996665955 378
1695678265287 0.5238407850265503 379
1695678265327 0.29390987753868103 380
1695678265365 0.24925033748149872 381
1695678265403 0.5191155076026917 382
1695678265442 0.3693990409374237 383
1695678265483 0.26409289240837097 384
1695678265526 0.5188411474227905 385
1695678265560 0.5390607118606567 386
1695678265594 0.5292961001396179 387
1695678268686 0.5356660485267639 388
1695678268726 0.541064441204071 389
1695678268765 0.28384512662887573 390
1695678268805 0.5308039784431458 391
1695678268843 0.5660578012466431 392
1695678268883 0.5341916084289551 393
1695678268921 0.537162184715271 394
1695678268956 0.5769399404525757 395
1695678268990 0.18572396039962769 396
1695678272169 0.330341637134552 397
1695678272208 0.6007145643234253 398
1695678272249 0.8038469552993774 399
1695678272290 0.5038350820541382 400
1695678272330 0.5246960520744324 401
1695678272370 0.4321832060813904 402
1695678272409 0.5179228186607361 403
1695678272441 3.3267059326171875 404
1695678272477 0.26864248514175415 405
1695678275582 0.5167374014854431 406
1695678275625 0.32781529426574707 407
1695678275664 0.5199073553085327 408
1695678275705 0.1390518993139267 409
1695678275745 0.381492018699646 410
1695678275786 0.523596465587616 411
1695678275827 0.9838396906852722 412
1695678275863 0.5204409956932068 413
1695678275897 0.5262547135353088 414
1695678279004 0.5201405882835388 415
1695678279044 0.18874892592430115 416
1695678279083 0.2215540111064911 417
1695678279123 0.5245062708854675 418
1695678279162 0.5314406156539917 419
1695678279201 0.5293353796005249 420
1695678279242 0.5273249745368958 421
1695678279276 0.5287789106369019 422
1695678279311 0.22509105503559113 423
1695678282404 0.2317747175693512 424
1695678282443 0.5163407921791077 425
1695678282482 0.44343048334121704 426
1695678282525 0.2081129401922226 427
1695678282567 0.3629744052886963 428
1695678282610 0.522693932056427 429
1695678282654 0.24221178889274597 430
1695678282690 0.5228304266929626 431
1695678282726 0.46585917472839355 432
1695678285824 0.3464815318584442 433
1695678285864 0.5280711054801941 434
1695678285904 0.5918534994125366 435
1695678285944 0.5280386209487915 436
1695678285984 0.5444437265396118 437
1695678286024 0.6086877584457397 438
1695678286063 0.27966439723968506 439
1695678286098 0.13738951086997986 440
1695678286132 0.13913722336292267 441
1695678289244 0.4098651707172394 442
1695678289283 0.16666825115680695 443
1695678289322 0.34771573543548584 444
1695678289361 0.7724932432174683 445
1695678289401 0.27210289239883423 446
1695678289441 0.2889896035194397 447
1695678289481 0.8149756193161011 448
1695678289514 0.7200251221656799 449
1695678289549 0.29857540130615234 450
