1695678124505 0.0001 1
1695678124547 0.0001 2
1695678124589 0.0001 3
1695678124628 0.0001 4
1695678124666 0.0001 5
1695678124704 0.0001 6
1695678124740 0.0001 7
1695678124774 0.0001 8
1695678124807 0.0001 9
1695678127902 0.0001 10
1695678127942 0.0001 11
1695678127981 0.0001 12
1695678128019 0.0001 13
1695678128058 0.0001 14
1695678128096 0.0001 15
1695678128135 0.0001 16
1695678128168 0.0001 17
1695678128202 0.0001 18
1695678131152 0.0001 19
1695678131191 0.0001 20
1695678131229 0.0001 21
1695678131267 0.0001 22
1695678131307 0.0001 23
1695678131346 0.0001 24
1695678131385 0.0001 25
1695678131419 0.0001 26
1695678131452 0.0001 27
1695678134438 0.0001 28
1695678134477 0.0001 29
1695678134518 0.0001 30
1695678134557 0.0001 31
1695678134595 0.0001 32
1695678134634 0.0001 33
1695678134672 0.0001 34
1695678134705 0.0001 35
1695678134738 0.0001 36
1695678137688 0.0001 37
1695678137728 0.0001 38
1695678137768 0.0001 39
1695678137806 0.0001 40
1695678137845 0.0001 41
1695678137884 0.0001 42
1695678137923 0.0001 43
1695678137957 0.0001 44
1695678137991 0.0001 45
1695678140977 0.0001 46
1695678141017 0.0001 47
1695678141055 0.0001 48
1695678141093 0.0001 49
1695678141131 0.0001 50
1695678141168 0.0001 51
1695678141206 0.0001 52
1695678141240 0.0001 53
1695678141273 0.0001 54
1695678144213 0.0001 55
1695678144253 0.0001 56
1695678144293 0.0001 57
1695678144332 0.0001 58
1695678144372 0.0001 59
1695678144412 0.0001 60
1695678144450 0.0001 61
1695678144484 0.0001 62
1695678144518 0.0001 63
1695678147456 0.0001 64
1695678147496 0.0001 65
1695678147534 0.0001 66
1695678147573 0.0001 67
1695678147613 0.0001 68
1695678147654 0.0001 69
1695678147694 0.0001 70
1695678147728 0.0001 71
1695678147763 0.0001 72
1695678150753 0.0001 73
1695678150791 0.0001 74
1695678150830 0.0001 75
1695678150869 0.0001 76
1695678150909 0.0001 77
1695678150947 0.0001 78
1695678150985 0.0001 79
1695678151019 0.0001 80
1695678151053 0.0001 81
1695678154014 0.0001 82
1695678154055 0.0001 83
1695678154094 0.0001 84
1695678154133 0.0001 85
1695678154172 0.0001 86
1695678154212 0.0001 87
1695678154253 0.0001 88
1695678154288 0.0001 89
1695678154324 0.0001 90
1695678157323 0.0001 91
1695678157363 0.0001 92
1695678157402 0.0001 93
1695678157440 0.0001 94
1695678157478 0.0001 95
1695678157517 0.0001 96
1695678157560 0.0001 97
1695678157594 0.0001 98
1695678157627 0.0001 99
1695678160590 0.0001 100
1695678160630 0.0001 101
1695678160670 0.0001 102
1695678160710 0.0001 103
1695678160750 0.0001 104
1695678160794 0.0001 105
1695678160833 0.0001 106
1695678160868 0.0001 107
1695678160902 0.0001 108
1695678163869 0.0001 109
1695678163908 0.0001 110
1695678163948 0.0001 111
1695678163987 0.0001 112
1695678164026 0.0001 113
1695678164064 0.0001 114
1695678164102 0.0001 115
1695678164137 0.0001 116
1695678164171 0.0001 117
1695678167169 0.0001 118
1695678167209 0.0001 119
1695678167249 0.0001 120
1695678167288 0.0001 121
1695678167328 0.0001 122
1695678167368 0.0001 123
1695678167407 0.0001 124
1695678167441 0.0001 125
1695678167475 0.0001 126
1695678170452 0.0001 127
1695678170491 0.0001 128
1695678170530 0.0001 129
1695678170568 0.0001 130
1695678170607 0.0001 131
1695678170647 0.0001 132
1695678170685 0.0001 133
1695678170720 0.0001 134
1695678170754 0.0001 135
1695678173725 0.0001 136
1695678173766 0.0001 137
1695678173806 0.0001 138
1695678173844 0.0001 139
1695678173882 0.0001 140
1695678173920 0.0001 141
1695678173958 0.0001 142
1695678173991 0.0001 143
1695678174025 0.0001 144
1695678177027 0.0001 145
1695678177067 0.0001 146
1695678177107 0.0001 147
1695678177146 0.0001 148
1695678177184 0.0001 149
1695678177224 0.0001 150
1695678177263 0.0001 151
1695678177297 0.0001 152
1695678177332 0.0001 153
1695678180427 0.0001 154
1695678180472 0.0001 155
1695678180513 0.0001 156
1695678180554 0.0001 157
1695678180595 0.0001 158
1695678180635 0.0001 159
1695678180675 0.0001 160
1695678180710 0.0001 161
1695678180744 0.0001 162
1695678183766 0.0001 163
1695678183805 0.0001 164
1695678183844 0.0001 165
1695678183883 0.0001 166
1695678183922 0.0001 167
1695678183961 0.0001 168
1695678184000 0.0001 169
1695678184034 0.0001 170
1695678184068 0.0001 171
1695678187068 0.0001 172
1695678187107 0.0001 173
1695678187145 0.0001 174
1695678187183 0.0001 175
1695678187223 0.0001 176
1695678187262 0.0001 177
1695678187302 0.0001 178
1695678187337 0.0001 179
1695678187371 0.0001 180
1695678190443 0.0001 181
1695678190482 0.0001 182
1695678190521 0.0001 183
1695678190561 0.0001 184
1695678190600 0.0001 185
1695678190639 0.0001 186
1695678190677 0.0001 187
1695678190711 0.0001 188
1695678190747 0.0001 189
1695678193768 0.0001 190
1695678193808 0.0001 191
1695678193847 0.0001 192
1695678193885 0.0001 193
1695678193923 0.0001 194
1695678193961 0.0001 195
1695678194001 0.0001 196
1695678194035 0.0001 197
1695678194070 0.0001 198
1695678197157 0.0001 199
1695678197196 0.0001 200
1695678197236 0.0001 201
1695678197277 0.0001 202
1695678197318 0.0001 203
1695678197358 0.0001 204
1695678197398 0.0001 205
1695678197434 0.0001 206
1695678197468 0.0001 207
1695678200497 0.0001 208
1695678200537 0.0001 209
1695678200576 0.0001 210
1695678200615 0.0001 211
1695678200653 0.0001 212
1695678200692 0.0001 213
1695678200731 0.0001 214
1695678200765 0.0001 215
1695678200799 0.0001 216
1695678203820 0.0001 217
1695678203859 0.0001 218
1695678203898 0.0001 219
1695678203937 0.0001 220
1695678203975 0.0001 221
1695678204014 0.0001 222
1695678204053 0.0001 223
1695678204089 0.0001 224
1695678204125 0.0001 225
1695678207178 0.0001 226
1695678207217 0.0001 227
1695678207256 0.0001 228
1695678207295 0.0001 229
1695678207334 0.0001 230
1695678207373 0.0001 231
1695678207412 0.0001 232
1695678207445 0.0001 233
1695678207481 0.0001 234
1695678210721 0.0001 235
1695678210761 0.0001 236
1695678210799 0.0001 237
1695678210838 0.0001 238
1695678210876 0.0001 239
1695678210914 0.0001 240
1695678210952 0.0001 241
1695678210986 0.0001 242
1695678211021 0.0001 243
1695678214070 0.0001 244
1695678214109 0.0001 245
1695678214148 0.0001 246
1695678214186 0.0001 247
1695678214225 0.0001 248
1695678214264 0.0001 249
1695678214303 0.0001 250
1695678214336 0.0001 251
1695678214369 0.0001 252
1695678217434 0.0001 253
1695678217473 0.0001 254
1695678217516 0.0001 255
1695678217556 0.0001 256
1695678217597 0.0001 257
1695678217637 0.0001 258
1695678217676 0.0001 259
1695678217710 0.0001 260
1695678217743 0.0001 261
1695678220814 0.0001 262
1695678220853 0.0001 263
1695678220891 0.0001 264
1695678220929 0.0001 265
1695678220968 0.0001 266
1695678221007 0.0001 267
1695678221045 0.0001 268
1695678221079 0.0001 269
1695678221112 0.0001 270
1695678224178 0.0001 271
1695678224217 0.0001 272
1695678224256 0.0001 273
1695678224296 0.0001 274
1695678224338 0.0001 275
1695678224379 0.0001 276
1695678224420 0.0001 277
1695678224455 0.0001 278
1695678224491 0.0001 279
1695678227608 0.0001 280
1695678227648 0.0001 281
1695678227688 0.0001 282
1695678227728 0.0001 283
1695678227767 0.0001 284
1695678227808 0.0001 285
1695678227847 0.0001 286
1695678227883 0.0001 287
1695678227917 0.0001 288
1695678231051 0.0001 289
1695678231090 0.0001 290
1695678231129 0.0001 291
1695678231168 0.0001 292
1695678231205 0.0001 293
1695678231244 0.0001 294
1695678231281 0.0001 295
1695678231315 0.0001 296
1695678231348 0.0001 297
1695678234488 0.0001 298
1695678234526 0.0001 299
1695678234564 0.0001 300
1695678234602 0.0001 301
1695678234640 0.0001 302
1695678234678 0.0001 303
1695678234716 0.0001 304
1695678234751 0.0001 305
1695678234786 0.0001 306
1695678237909 0.0001 307
1695678237948 0.0001 308
1695678237986 0.0001 309
1695678238024 0.0001 310
1695678238062 0.0001 311
1695678238100 0.0001 312
1695678238138 0.0001 313
1695678238173 0.0001 314
1695678238207 0.0001 315
1695678241323 0.0001 316
1695678241363 0.0001 317
1695678241402 0.0001 318
1695678241440 0.0001 319
1695678241478 0.0001 320
1695678241518 0.0001 321
1695678241557 0.0001 322
1695678241592 0.0001 323
1695678241626 0.0001 324
1695678244753 0.0001 325
1695678244793 0.0001 326
1695678244832 0.0001 327
1695678244872 0.0001 328
1695678244910 0.0001 329
1695678244949 0.0001 330
1695678244988 0.0001 331
1695678245022 0.0001 332
1695678245056 0.0001 333
1695678248176 0.0001 334
1695678248215 0.0001 335
1695678248253 0.0001 336
1695678248291 0.0001 337
1695678248329 0.0001 338
1695678248367 0.0001 339
1695678248405 0.0001 340
1695678248439 0.0001 341
1695678248472 0.0001 342
1695678251589 0.0001 343
1695678251628 0.0001 344
1695678251669 0.0001 345
1695678251709 0.0001 346
1695678251748 0.0001 347
1695678251787 0.0001 348
1695678251828 0.0001 349
1695678251862 0.0001 350
1695678251896 0.0001 351
1695678255014 0.0001 352
1695678255055 0.0001 353
1695678255094 0.0001 354
1695678255134 0.0001 355
1695678255173 0.0001 356
1695678255211 0.0001 357
1695678255250 0.0001 358
1695678255284 0.0001 359
1695678255318 0.0001 360
1695678258489 0.0001 361
1695678258527 0.0001 362
1695678258567 0.0001 363
1695678258606 0.0001 364
1695678258646 0.0001 365
1695678258684 0.0001 366
1695678258722 0.0001 367
1695678258756 0.0001 368
1695678258791 0.0001 369
1695678261893 0.0001 370
1695678261933 0.0001 371
1695678261972 0.0001 372
1695678262010 0.0001 373
1695678262049 0.0001 374
1695678262092 0.0001 375
1695678262130 0.0001 376
1695678262164 0.0001 377
1695678262198 0.0001 378
1695678265289 0.0001 379
1695678265328 0.0001 380
1695678265366 0.0001 381
1695678265404 0.0001 382
1695678265443 0.0001 383
1695678265485 0.0001 384
1695678265527 0.0001 385
1695678265561 0.0001 386
1695678265595 0.0001 387
1695678268688 0.0001 388
1695678268727 0.0001 389
1695678268767 0.0001 390
1695678268806 0.0001 391
1695678268844 0.0001 392
1695678268884 0.0001 393
1695678268922 0.0001 394
1695678268957 0.0001 395
1695678268992 0.0001 396
1695678272170 0.0001 397
1695678272210 0.0001 398
1695678272251 0.0001 399
1695678272291 0.0001 400
1695678272331 0.0001 401
1695678272371 0.0001 402
1695678272411 0.0001 403
1695678272443 0.0001 404
1695678272478 0.0001 405
1695678275583 0.0001 406
1695678275626 0.0001 407
1695678275666 0.0001 408
1695678275706 0.0001 409
1695678275747 0.0001 410
1695678275787 0.0001 411
1695678275829 0.0001 412
1695678275864 0.0001 413
1695678275898 0.0001 414
1695678279005 0.0001 415
1695678279045 0.0001 416
1695678279085 0.0001 417
1695678279124 0.0001 418
1695678279164 0.0001 419
1695678279203 0.0001 420
1695678279243 0.0001 421
1695678279277 0.0001 422
1695678279312 0.0001 423
1695678282405 0.0001 424
1695678282444 0.0001 425
1695678282483 0.0001 426
1695678282526 0.0001 427
1695678282569 0.0001 428
1695678282611 0.0001 429
1695678282656 0.0001 430
1695678282691 0.0001 431
1695678282728 0.0001 432
1695678285825 0.0001 433
1695678285865 0.0001 434
1695678285906 0.0001 435
1695678285946 0.0001 436
1695678285985 0.0001 437
1695678286025 0.0001 438
1695678286064 0.0001 439
1695678286099 0.0001 440
1695678286133 0.0001 441
1695678289245 0.0001 442
1695678289284 0.0001 443
1695678289324 0.0001 444
1695678289363 0.0001 445
1695678289403 0.0001 446
1695678289443 0.0001 447
1695678289482 0.0001 448
1695678289516 0.0001 449
1695678289550 0.0001 450
