1695678124809 0.07351057976484299 1
1695678128204 0.3358745872974396 2
1695678131455 0.4410319924354553 3
1695678134740 0.6566632390022278 4
1695678137993 0.5085342526435852 5
1695678141275 0.3960048258304596 6
1695678144520 0.3926420211791992 7
1695678147765 0.5373430848121643 8
1695678151056 0.5001605749130249 9
1695678154326 0.756767749786377 10
1695678157629 0.5603120923042297 11
1695678160904 0.5405725240707397 12
1695678164173 0.5301154851913452 13
1695678167477 0.6000179052352905 14
1695678170756 0.4463460445404053 15
1695678174027 0.5119606256484985 16
1695678177334 0.3969249725341797 17
1695678180746 0.5801566243171692 18
1695678184070 0.39484891295433044 19
1695678187373 0.126821830868721 20
1695678190750 0.342339426279068 21
1695678194072 0.7746610045433044 22
1695678197471 0.3165106177330017 23
1695678200801 0.5437402129173279 24
1695678204128 0.5179593563079834 25
1695678207483 0.5363794565200806 26
1695678211024 0.4643440842628479 27
1695678214371 0.4985552430152893 28
1695678217745 0.45138153433799744 29
1695678221115 0.704985499382019 30
1695678224493 0.5565736889839172 31
1695678227919 0.41236600279808044 32
1695678231351 0.7811607718467712 33
1695678234788 0.23416905105113983 34
1695678238209 0.5610636472702026 35
1695678241628 0.3564507067203522 36
1695678245058 0.43499165773391724 37
1695678248474 0.6253566145896912 38
1695678251898 0.3966197669506073 39
1695678255320 0.6475841403007507 40
1695678258793 0.40753698348999023 41
1695678262200 0.4995056688785553 42
1695678265597 0.5713331699371338 43
1695678268994 0.33229807019233704 44
1695678272481 0.4697563946247101 45
1695678275901 0.4479246139526367 46
1695678279315 0.6061145663261414 47
1695678282730 0.6980302929878235 48
1695678286135 0.5859954953193665 49
1695678289552 0.7349591255187988 50
